27 20565087
31 27263142
28 20067306
26 16650571
28 17277128
26 17748223
27 18526129
26 17827482
27 18428853
27 18915136
31 24687930
29 22284901
37 29704938
28 19499008
35 28509366
26 18044973
26 17786344
25 17310577
30 23660874
29 22133846
26 17456916
26 18705137
32 28614387
26 18532232
27 18963176
31 22203335
29 23234276
28 19598299
29 19954760
28 21656632
28 21301604
28 18984775
27 17944918
36 34013535
26 16524536
28 20807548
24 17736036
25 17001520
30 20136605
27 18891659
27 18646042
31 24501671
26 17619261
26 18384404
29 21685887
30 22426577
29 20094991
26 17889849
31 21888403
25 17762661
25 18244603
27 18457311
24 16271773
27 19437562
26 16896225
30 23334007
32 22117143
29 20673360
25 16754100
30 24966355
28 19181825
27 18086091
26 18324741
26 19492133
28 20440221
27 20448882
27 17696740
26 17828644
28 21478808
32 22479155
29 19371109
32 25671530
25 17396276
30 21028022
25 17202522
27 19127765
33 27750506
33 29652495
30 23762400
36 27389138
30 23663678
27 18799784
28 22041777
27 18191319
31 24726267
28 19631160
33 27381071
27 19025766
25 17229412
27 18847823
26 18356215
29 21611817
27 21297391
30 20746593
32 26535946
25 17061834
26 18225120
28 20326448
25 17431659
26 19083286
33 28680872
27 19899800
27 19528781
28 21247420
26 18889728
26 18054016
27 18063404
26 19467525
26 19686238
26 17582981
27 18838480
28 19036850
29 19056128
29 21374220
26 17910249
33 24822763
23 16399491
29 19752118
25 17184858
27 18798865
28 18889615
27 19887497
33 24510453
31 26841173
29 20235253
26 19001187
26 17923933
23 17113338
27 17428941
26 18015729
32 22694937
29 22459998
28 20077375
24 18001120
28 20349891
28 19669354
27 19655052
30 23851364
28 19772691
34 25552116
33 27318885
27 20059812
31 22587728
28 18734328
24 18013048
25 17438098
26 18380710
29 20154963
29 23544676
28 22285164
26 19177824
27 18480707
26 16961452
27 21238254
32 25514886
26 19923575
25 17297346
33 28015899
26 17705845
29 22966807
29 22021292
27 20026316
26 18164575
26 17461743
27 20293206
26 18275366
26 17271662
27 20271775
28 19982296
28 19484466
26 17375512
29 22939403
27 19131563
27 19937308
30 20896770
34 29890147
28 19971065
33 27840406
25 16699194
27 18513772
29 19290611
36 28734190
31 27676081
31 23224195
29 21953831
27 19201920
26 19193736
35 30605500
27 20484323
32 26172653
31 23767598
35 25488430
31 21763871
26 18248272
33 29941934
28 23179361
26 17122190
35 28912505
28 21115590
29 21483264
28 21402457
26 16875837
29 21389660
30 20815132
23 16077361
25 17923885
33 24482786
28 20645857
29 20379669
29 19972212
26 21225682
26 17613410
29 20190615
27 17977206
28 19395264
32 22829920
27 19613757
26 17634354
27 20006198
26 17832577
27 19663157
25 18336429
29 20731277
27 18029788
29 23083878
25 17652177
29 22836198
28 22512366
27 19090482
27 18356347
29 22552662
26 21107834
27 19967452
32 23821302
26 17961858
26 18092679
24 18812872
29 19147266
28 19487290
28 18933194
29 20596451
26 16803544
30 24100023
27 19510654
26 18112786
25 15928365
25 17463140
27 18205008
25 17610768
30 21387798
31 24322435
28 19147665
30 21506045
29 23799756
31 25804885
34 30956127
26 18222675
27 18990550
28 21709559
26 16800674
30 24374671
29 19293544
26 17932650
37 29856427
27 19500492
30 25554301
27 18081483
33 22791533
27 19454379
26 17585672
27 18188770
29 24820401
28 19966941
30 20789184
30 23496220
26 17776858
26 19333960
30 24805116
27 20483803
23 16515159
27 20648308
27 19081720
27 19092776
35 26266422
25 17440505
27 18014449
30 23743696
26 16374462
27 19203729
26 17204996
27 17889186
28 18943146
32 28308976
27 17269520
26 19144804
29 19510457
29 21954967
26 17288497
34 26053377
29 18796298
25 16848920
31 24663826
27 18262777
27 18715615
25 17510285
34 29639627
28 20745401
28 19784552
29 22277220
29 21219478
24 17119049
28 21219883
29 21698672
25 18258909
27 20274648
24 17020109
28 19507134
27 18448365
27 18189170
29 21191185
29 19866214
27 19702246
27 19933011
26 17348524
28 20324089
25 17509465
25 18142697
24 16473543
28 22293071
31 25955960
27 17899022
27 20211035
28 21302548
35 26180267
31 27430855
27 20493536
26 17797914
29 22302268
27 18574217
29 20470081
27 18750385
26 18074274
26 18671567
27 19687547
28 21279189
27 18513968
28 20042469
27 19834542
28 21639469
30 20114405
28 18848611
28 20881241
29 21741148
27 19742780
26 16776317
27 17769717
27 18401662
27 17293909
28 19772616
28 18856479
28 19410895
28 19470246
26 18038787
30 25029771
27 17330349
30 20031004
31 22749975
27 18473699
27 21454584
27 19412123
27 18399600
28 19011387
28 19423663
27 20052874
35 29850479
28 20261568
28 19711080
29 19549290
27 18710869
28 20891129
29 22974128
26 17783165
25 18372751
31 26894265
27 19302125
25 18539064
29 21052256
28 19958858
27 18977516
31 23574555
29 20169066
27 19851443
28 19347921
30 21130232
27 18851160
27 18711676
26 18575524
24 16970509
24 16895485
26 18502571
30 25846335
25 17546745
28 20416518
27 19167829
25 17128345
27 18955364
26 16754955
26 20015908
29 19836411
25 16314499
28 19091074
28 20248787
29 22982633
26 18179583
27 18312878
27 18399460
31 21868280
31 24762336
26 18978704
27 19493512
29 24765385
28 18526697
27 18663986
28 17916974
28 20405721
24 16610195
24 17522150
25 16694593
26 17586966
25 17106518
29 23946320
28 18558752
26 18001295
24 16993969
28 20015928
27 17679434
25 16170553
26 17830699
28 18606915
27 19292768
29 22949294
27 19478453
24 16878003
24 16434095
25 17145683
29 20808086
27 19868710
26 18896338
28 21118980
25 17287470
30 25784374
28 19414079
26 19421923
29 19761294
28 19409145
28 18413104
28 19275854
25 17187117
26 18213940
28 21581360
27 18935784
27 17734128
26 18404313
28 22580509
26 19610207
26 18528229
30 20603572
31 21997352
28 18432584
27 18863167
28 21612355
27 19060163
27 18993727
27 17865672
31 21418510
30 20888999
29 19566962
26 17183396
28 19605914
26 17609284
26 18271142
28 21650291
27 18073484
27 17917393
25 16254811
28 18953332
35 28903577
26 18759819
31 22200468
31 22161886
27 18571636
31 20320856
26 18874345
27 19827227
33 25669293
26 18655660
38 30617080
25 18234373
26 18965869
29 20780430
32 24780942
28 21954037
26 17710168
34 29513175
26 17452192
27 19206296
30 23140415
32 24327337
27 19439983
27 19182259
27 20442290
26 18929070
27 18006910
29 23440732
26 17227932
30 20208677
26 19959947
26 20830318
27 20542882
30 22016822
27 22108781
26 18645258
27 19955820
26 18326940
26 17632551
27 20256498
26 19247330
27 19410258
30 21475332
26 17654140
24 18015141
31 27162481
29 22842449
25 17258851
29 20178419
26 19546207
27 20093864
26 16895531
26 16995119
29 20700811
30 20703019
26 18716736
26 17996321
29 18839374
26 16705712
26 18021410
32 25742406
25 17109490
33 28585618
29 24634892
28 18072043
26 17530748
29 21169525
26 16868369
28 18819441
36 33830749
27 17876849
26 18052809
29 21388160
26 17307124
27 18132666
23 16526058
27 17808234
29 21251402
27 20010327
28 20311730
27 18600212
25 19124575
27 19072193
29 20844702
25 17901560
28 19065914
27 18527071
27 20181759
29 21688013
25 17869944
31 23128744
24 15899059
25 16790515
26 18713058
31 27732696
26 18120813
27 17932340
30 23505778
27 18841140
28 18642047
27 18777933
27 20430555
27 18812905
28 21455801
27 19886170
29 21114066
29 20232305
27 18603164
33 29694273
27 20296626
29 21839511
28 19142287
28 20338427
36 29818444
25 17614837
28 19929211
26 19833109
28 19268779
27 19482392
23 16389710
27 20146055
28 19448664
37 29220228
28 19379004
28 20629851
27 19284046
28 20900555
27 18461488
33 27514363
26 17329334
27 19679584
29 20744053
26 18129849
27 18588935
29 19874585
26 16861517
29 20731991
31 21912412
26 19010781
32 22507495
32 27545482
28 19837206
27 18713293
26 18188425
32 24025215
24 15735196
29 22340013
26 19097529
27 21036779
27 20251268
25 17679037
27 19311829
28 20205906
27 17790591
28 20042480
28 17354071
27 18863754
29 21531531
27 18117042
29 22748846
26 17673271
28 20124894
28 22970110
31 22745983
34 25167793
26 18447108
26 18707055
26 17494398
29 18897995
27 18466626
29 19369286
30 26231594
29 22832467
29 21639382
28 19394649
33 28552046
29 21061605
29 22936445
28 19945577
27 18498337
32 22130599
27 17649135
28 21750210
26 19037468
28 19388019
26 17592082
29 22191680
25 17327116
33 25379069
28 19849031
28 19259106
28 19114797
29 20612123
26 17657540
29 22617538
26 18494562
26 19075747
26 17956524
27 19713764
27 18596020
26 17657518
24 16348928
39 32336665
26 17969299
28 18612468
32 23007978
31 24853803
28 21059034
28 23379962
32 25497462
32 25985937
24 16812001
27 18961628
27 18970607
27 18533471
29 19789164
26 17316296
28 20532159
30 24614394
31 23966579
27 19905224
28 20431426
26 19022727
25 17625097
26 18294906
32 28536368
32 26585824
27 20060770
26 18164095
28 19322855
26 16624029
25 16559569
30 25549010
33 24844662
28 20143935
30 20799589
25 17811829
28 20815147
28 18887183
29 22551078
27 19441885
27 20549613
26 18291598
34 24968372
26 17914408
28 20328494
26 18082125
27 19342233
27 19536178
27 18913272
28 18923335
27 17917938
25 16853238
26 18492685
26 18331614
26 18186356
28 19712885
25 16539780
30 22818278
26 17558706
30 23755237
25 17459285
27 17611861
23 16057978
28 19154158
26 18032431
28 18696141
30 22328690
34 25738173
29 19642771
26 18502290
36 29495322
32 27405963
29 20821390
29 19910644
27 19692365
24 16276254
25 17221213
27 19313627
29 21514060
26 17132110
29 21598194
24 17290712
23 17343761
30 22225762
26 19357086
27 17783677
27 19991072
27 19191449
25 16998018
27 19249369
29 20981712
33 23339849
27 18680748
30 23087071
34 25091210
27 19976624
31 22380247
31 24062601
27 17860799
27 18374710
27 18147733
26 17620339
36 33808882
26 17509073
29 21803015
26 17051946
28 19134610
26 19422671
32 26588000
28 20549021
29 17955592
26 19395965
31 26387455
32 23407001
29 21977586
31 21795716
29 19387690
29 19285052
27 18417201
29 23133465
27 19167585
28 20068964
25 17159039
26 18312279
25 17246815
30 24861976
26 18402306
26 16927855
30 21648619
27 20631492
25 18054842
27 18829992
29 19877257
27 18305297
28 18621487
30 20221352
27 19154373
29 23568721
29 18711703
28 19319414
29 22908867
28 20873157
29 19735837
26 17848944
28 21434809
28 21203838
26 18531427
23 17239522
28 20896710
27 20221272
31 26532312
31 25031351
33 27923805
31 22454526
27 19777533
29 19652400
26 19393547
30 23962277
27 18114726
27 18061145
29 19218976
26 16997959
27 18826446
26 18143048
25 16992743
26 18067325
25 16819897
25 16436083
27 20773044
31 23849514
27 19929569
26 18269625
26 15975086
27 18843000
25 16607866
26 19716745
30 21221076
27 21269545
29 20296479
30 21049244
27 17786401
26 18646754
27 18471261
26 17898899
28 18615309
27 18681912
33 23150963
33 24109104
28 20188634
27 20408728
26 18885015
29 20437298
28 17788278
33 29540416
31 26514637
27 21233200
33 24700185
30 24587587
27 18870593
28 18182644
30 21948384
26 18188003
26 17301309
29 22149710
28 21655278
25 17694731
29 22185158
31 22450527
26 16914207
30 23317040
27 18412642
30 23800497
28 19390593
25 16778715
24 16649149
27 18755313
32 26288493
27 17185782
29 21874273
26 17816310
31 26157113
25 16630011
27 20219258
28 20429432
32 28230730
32 28199367
27 21223616
28 18722857
27 19037684
27 18603438
27 18073042
27 19533334
26 18701505
27 19023135
28 19637401
26 16912463
34 31522860
27 18377431
26 18347286
27 18755841
24 16957847
28 18378682
27 17316683
27 19011482
30 26288411
31 21335404
35 30438311
29 22824662
28 20916902
25 16574541
27 18114087
25 19214378
24 15615545
29 20365505
26 19318707
25 17315436
28 19261133
26 17314078
34 30964604
27 18799126
25 16782979
27 18355915
29 21311186
28 20500408
28 19400686
28 20941739
33 27815085
27 17909536
30 24167199
27 18652567
27 18053036
29 20610462
30 22297668
27 18591522
27 20025006
26 17882806
27 18649386
27 18270476
27 20992130
27 18985245
29 20013231
36 29566603
33 25721281
28 18918391
27 18786423
31 22539847
28 18872759
30 23137857
31 27218851
28 18929778
28 19285033
27 17806798
30 24267137
28 23360493
28 18061779
29 18271791
28 18023400
28 23403796
31 21070849
32 22790286
26 18590930
28 19006841
30 22215553
25 17057714
32 26584131
32 22468480
29 23839585
28 21199986
28 20618888
26 17971852
26 18264261
30 20540719
26 19204619
