38 84793628
40 91320228
37 95376416
32 70176493
35 77348406
33 68394395
36 81467937
36 74548513
37 79825732
33 77542872
36 83415331
34 66344835
31 68445078
34 67905425
41 88830279
35 75357443
38 85377873
38 98027922
35 73519855
34 73597488
36 74466163
36 75156921
36 75873016
40 97408479
32 65772898
35 85016339
32 74743844
38 94142510
35 76094520
31 66170186
34 75061142
42 99080694
40 83633530
36 76614823
34 75869591
43 110818556
32 71357169
33 75843810
34 77931152
36 72528827
33 68910107
35 75665578
32 67658966
34 76860976
30 67819302
34 79454051
40 98048026
32 76379746
33 75183305
32 69900824
34 65262262
35 78784393
30 67145164
32 67992717
39 89352104
42 106934337
43 109774299
34 69666383
36 78925750
41 110043819
39 88263600
36 80696772
37 86179525
38 83957255
31 71166879
32 71135876
32 67553358
36 78913029
45 126063867
32 66466568
36 89559685
43 127966411
33 71427510
32 70375114
37 88799823
36 77935524
30 67272241
33 76824981
43 102152235
35 70356435
45 112838945
35 72646148
34 73679988
33 72978484
40 89737988
35 75853558
43 104892596
39 123114113
33 68674353
45 109885625
34 71438636
31 68806545
36 77087102
35 87106645
34 74446376
32 68076735
41 91190279
38 94851001
35 74772389
33 72540642
37 83237250
36 76461470
39 105273796
37 89723969
31 73002291
38 81317014
32 80459292
34 81342569
35 70513084
39 82023653
37 83130043
40 85153085
37 77584632
34 78680129
36 96436502
33 68230407
33 73780092
38 80375204
33 72684645
33 70912617
36 78214046
31 63926040
40 100926182
43 102612800
36 79602792
35 74520330
33 78976671
34 75493488
35 78690596
34 74821855
33 81446204
30 66803251
42 121950513
33 77119691
33 67449447
35 79134128
33 66572343
36 80636132
41 103131109
42 112241871
41 108437617
37 91180426
35 73818521
42 96509708
32 71822825
40 94589960
31 67245793
35 79789983
37 87657157
34 75063023
30 64162573
36 86329587
32 68256654
44 103184058
32 67945657
42 105986912
36 84051761
34 76350228
41 99831662
36 82283436
45 111742202
40 98741638
40 89991426
35 76973580
33 73059604
33 75402353
35 73987146
34 74054398
38 96909960
39 91627475
37 79443578
36 79667380
31 68799742
33 75218413
42 114110612
44 135436627
40 90882533
35 76008491
33 76330598
38 87531926
36 77181075
45 128684704
35 74557513
43 102762305
40 89884026
33 72609682
32 69394670
34 70997570
37 103232997
34 72527883
38 110686910
40 107741015
48 124101912
37 89479998
37 83412679
34 70536951
39 86725366
37 81901463
33 75906506
32 69874585
38 81753196
38 88535300
45 116141648
34 84713424
36 75326164
35 83442329
37 99374419
34 74302817
35 75362692
35 86194859
36 80651941
40 104502471
30 69890146
38 82149755
34 78755083
31 71942203
38 85312129
39 87493788
36 81820961
31 71408844
34 73027087
35 74604983
35 70588324
32 65203109
31 63908743
35 73086976
32 71184494
36 93268894
40 88006921
43 100140082
45 111324677
44 102579131
32 73767686
37 84551149
34 84264412
36 74886108
36 92942806
33 76124160
48 127644014
34 72351415
35 78679010
36 74095829
31 67218255
33 72305309
35 75228422
32 74299170
34 83371290
40 96801556
31 64290873
33 66430705
44 111015288
33 72835074
41 91352254
34 76727531
37 106742930
38 87813145
37 92337497
38 84665716
35 73693962
30 65574695
40 93234503
34 79745380
31 68358879
34 71298079
37 83839293
34 72561655
36 80716030
32 69704612
35 70483864
40 110561370
36 76546524
33 72331385
34 75667250
38 86176200
31 66161328
41 92743422
39 99613311
41 92537943
37 74720026
33 79402411
31 71121194
35 86041958
38 91045186
37 97478888
33 72513863
33 70799513
36 71268811
39 91430522
37 82497216
34 75949814
34 76846127
42 101216288
44 112444139
31 70429743
35 74201580
35 81194935
39 91919725
38 90469781
35 82323371
34 82635647
33 71332530
37 79684285
33 77246944
33 70197401
36 76484196
36 78158851
42 99648090
33 70030194
36 73373269
33 72902741
32 77131432
37 91980434
37 81958685
33 68440954
32 65698736
36 78372881
35 72165642
30 66203067
39 93632934
38 83866024
40 96429419
42 113412251
34 75847460
35 81574461
33 73726355
40 87985612
33 76301573
35 82838113
43 111424126
35 82874866
38 94660115
34 77535019
37 83428905
36 83048390
44 102175093
40 90629433
37 87035724
38 87121769
36 78910767
33 74464903
43 109987210
37 82545632
36 80189070
34 80203677
36 87221588
38 93685257
37 81232849
39 97531407
43 109234054
45 111424506
35 72887942
32 70813920
35 89750286
35 74325173
36 87647591
34 67517693
35 80124734
32 64878984
36 86483735
40 103904598
33 71029557
41 88344741
31 72501337
33 68950685
39 99823320
40 86623348
37 92710227
33 73256365
38 89298959
33 68624972
40 86617334
35 78977645
34 68556300
41 91955750
33 71840843
38 91818677
40 98368126
34 75487553
38 81694210
34 70538080
40 111625778
39 103966636
41 87872796
36 81423224
34 69633406
33 68330963
36 82272733
38 90418173
38 87563661
42 91338445
38 84787527
33 76241522
34 77321510
40 90289878
39 82526731
38 88381631
34 73505448
41 84706491
38 96533874
33 74135491
31 64269622
36 73142071
36 77775964
33 74244440
41 92204853
39 87180325
36 78294570
37 99761110
41 102033594
40 89918666
37 95979848
35 84618084
39 95523981
34 71097791
39 89036596
31 74681892
30 65902530
34 75949275
39 93395166
41 106345794
44 103385782
39 80681767
40 87336076
40 100128958
37 80995691
31 65843978
37 79494582
31 70371029
31 67869018
34 72866770
40 107331633
36 80547025
32 70176964
37 81728028
38 90991975
31 67444170
38 80498258
34 78675694
36 79260563
42 95565751
33 74132226
34 80470083
34 71431095
37 85170969
35 81962790
39 90793014
46 125389191
31 66789321
34 77738334
37 79834796
35 73609648
39 94394540
38 80236625
32 71587816
34 71780605
40 95757872
32 77151431
38 90296928
39 99314483
35 70072799
32 69142743
42 99224062
41 91211486
35 78012705
37 79510160
32 71005302
34 75581384
32 68983437
37 81478049
34 78203459
34 68003672
37 84525441
34 78911031
47 130903736
42 94951165
30 69373814
40 98055982
37 80717831
31 69021228
41 95195431
33 67699703
34 68917292
33 76346750
35 71340607
35 80588026
34 82083098
36 72671579
40 101661895
35 71729099
33 78009734
36 72432436
42 103969573
36 84941050
43 111074841
38 103382506
35 81850509
41 130709969
36 85742741
36 82390083
34 73221517
37 82349074
32 73097517
39 101926524
35 74070657
36 85195086
39 98060435
37 84904178
29 64308514
40 99947571
38 79779687
38 93655376
37 89086402
33 72729903
33 68430659
42 95403248
33 69845526
43 115480811
33 65053628
36 84953298
45 107361080
35 75643917
32 66712556
41 92547071
36 83934605
32 78386081
35 73842479
38 80674136
39 98794843
41 91021641
37 80269367
31 67812763
34 74141730
37 78249120
38 90943414
39 93917986
47 122482323
35 81224036
33 69139943
34 78452548
35 76907603
32 68491979
31 72233110
36 77787579
34 73316177
35 75667325
40 89618188
32 65706631
36 79884039
49 134756280
34 70751730
37 82883236
37 90544001
44 113090205
32 66278386
41 97311419
51 140054257
51 142038503
32 67663574
38 79820566
32 69480380
36 77046712
36 76925247
32 69483086
36 81792731
31 66713591
36 86220552
40 86443131
37 82308869
34 77873824
37 81584150
36 76167703
45 117372704
44 116815585
32 68611092
30 67003780
40 104265599
37 73218970
30 69894748
35 85928489
35 72300623
39 86694839
38 83398875
34 78533542
38 82050227
32 74206295
36 77748166
40 93270319
46 107416136
34 68750292
33 74803816
39 95024691
32 71726579
34 71286050
36 85630787
48 141093492
32 67807599
35 70638846
33 71023417
37 78009073
34 80258533
39 93310100
41 91006770
34 76436871
46 113994416
30 66270351
34 67938053
34 67002231
34 78125886
35 71847387
37 85218103
49 130653606
34 74261903
37 86118678
39 88534170
34 71393307
38 80907315
41 116872081
35 87578566
33 71334879
41 93091803
37 82607988
38 87910647
35 73611076
37 84260045
37 96189844
31 67332214
48 120050809
34 73916228
34 82117997
30 62445910
32 72063820
31 65733731
42 104219951
34 71216631
39 92353989
32 70319242
40 94150772
34 83316245
36 78484722
35 72449424
38 116012033
35 74231077
38 93740665
33 73857675
39 94316887
38 90461283
40 86949526
32 70040807
43 115378463
31 66750355
43 111501375
37 85044328
37 79353184
34 66456878
32 70039488
34 71454674
38 84466488
33 70919218
40 96949668
37 83031989
36 72199337
37 82546539
34 70742228
36 81735214
33 72812778
38 86542451
34 77537752
33 66745372
31 73411158
31 74966942
32 69344070
37 88636071
33 71857648
34 74106160
33 72273745
40 90251472
46 113580057
38 82691313
33 64906179
35 77912979
37 82186400
36 80999716
40 82087164
40 98517622
43 110378750
38 83170756
34 76049657
35 81193150
32 66397458
43 101516250
34 74884684
34 72682757
38 89791292
33 74002974
36 77363071
40 89990679
34 69062694
36 78760402
36 77517290
40 90933457
36 75923806
31 64091681
31 69759248
34 65598428
37 80722766
32 68288561
38 78737844
34 75672163
36 76572276
31 69279610
35 78372018
41 86394017
37 80824646
33 77510411
40 94248822
34 72682207
30 68092608
37 72210144
36 79692813
34 68950495
30 65217613
42 104674891
34 67537666
34 76759003
35 76038292
35 81533677
33 79414368
40 92860605
33 70181693
39 79965438
36 90220880
34 77499533
35 72107220
39 91718962
41 102349821
38 83520684
35 77313282
34 84963251
31 69573984
34 72643427
46 113673966
35 83178811
32 71188686
34 68809576
40 113610631
31 72601491
41 117556066
36 80310848
43 99604958
31 66556026
31 70651884
33 72129570
40 86145982
47 115918612
40 85091113
31 71833688
35 75879982
33 70640364
45 106109435
35 72800206
39 88487306
39 83457738
42 91001546
40 86366596
35 71925399
40 90290072
36 80244826
32 70379924
35 72687791
30 72260571
42 103356240
41 92794151
36 82471621
38 76321453
38 83856867
37 84311733
38 95194538
34 78227074
33 68383861
36 85429325
34 76730952
34 70550971
37 78673267
36 80358672
40 104400797
45 128743939
37 87947695
34 72447839
43 101431259
36 74200526
38 102307666
40 98917383
44 107366508
38 86178581
38 84349383
36 83667215
33 79620024
39 86326414
31 72608579
33 73770869
36 79952121
35 81533255
41 92376106
32 72234515
33 73299270
35 71625566
43 103239434
35 73758226
37 79371253
38 81366417
35 83860262
33 67851716
36 81757027
34 74874516
32 72289435
33 72092601
34 81303451
42 110927143
36 72535214
36 83796477
37 73314486
38 84271692
37 89921015
32 70166452
31 65658626
30 63162842
37 79107361
38 90101564
36 75942205
37 81721703
43 96579068
32 68762669
36 75894487
32 66352462
39 98764575
33 76388892
34 69925483
33 68072578
38 88274747
39 80552368
43 118864153
35 74859178
52 140600066
36 83802369
44 124831357
36 84504501
32 72750325
32 64152510
31 71257675
33 71059251
32 67077041
37 100203269
46 120661172
39 82876200
32 67523821
37 88317979
33 69410697
32 72140495
35 67209952
37 82364242
32 66582566
39 85597726
34 75924306
37 78687084
36 74687887
39 81117852
40 89272647
45 125429736
37 79357347
43 121434266
36 89792826
31 71930525
33 71231588
32 73617838
32 68820813
32 68194486
36 80719965
38 91110656
36 77046790
47 119797379
37 86092267
46 123228796
33 75440740
39 88310616
45 117142443
31 65028749
38 86869955
34 76772105
33 70072665
35 82194464
36 77257766
32 69035599
37 82095566
38 84581640
44 101588097
34 70551355
35 68194190
40 84992202
32 76952630
34 77034995
37 83956803
38 91046025
33 78262024
45 118634275
35 68785149
36 79225502
40 87029765
34 69039684
31 70782493
39 116263894
34 70865829
37 80270764
37 77750844
44 114258643
34 69699748
40 95581047
33 73953636
37 78976948
35 83080242
32 69523194
31 71375062
37 76530892
36 90601404
41 132759549
34 73630549
37 88007592
31 72947142
33 79782100
31 60915348
35 79644791
37 90261564
38 84813205
41 92287055
40 94236023
42 105240985
30 66616418
36 80057789
32 72188822
35 83303865
36 74457730
34 74897669
31 67384997
35 72784393
36 76509801
37 82991834
37 90860160
34 85918976
37 91390569
33 76899587
36 74575435
36 83592463
34 76565107
38 77526613
34 78785740
38 83995417
37 80558329
37 85405470
33 66786456
37 83024126
37 78776733
37 75656912
43 107290836
34 76470138
37 93954470
38 82135549
39 109486321
43 102594744
41 116211357
46 125599451
33 64336570
36 75998146
34 69506331
36 74320008
39 79471461
39 97545553
41 111439370
41 102956236
31 70054861
30 67742540
31 68357056
31 70722445
35 86480460
37 75941266
34 79059397
33 76977586
39 84878344
37 88179825
38 88251581
41 89335071
35 72179612
32 69055269
35 78201942
37 85985344
33 67093395
39 86910919
34 65737639
33 66017664
31 71598446
41 99484031
32 76310069
