10 16866637912375
9 16866632061014
10 16866637316289
9 16866632194286
10 16866636940397
10 16866639328671
11 16866651816212
10 16866632570910
10 16866642494594
10 16866641256813
11 16866645468845
10 16866636867751
10 16866641422026
11 16866650089807
11 16866649859461
10 16866635611652
10 16866638199269
10 16866637379691
9 16866634387815
10 16866636850263
11 16866645713936
11 16866645161481
9 16866636997182
11 16866642989056
10 16866634829249
10 16866637521362
10 16866637828523
9 16866634250553
9 16866631268233
11 16866645872288
10 16866640731372
10 16866639282161
10 16866637468382
10 16866641261512
10 16866636671522
9 16866633837919
12 16866655674745
10 16866639967491
11 16866644038481
10 16866642766484
10 16866639762056
10 16866640722128
10 16866637588473
10 16866639982964
10 16866639396839
10 16866638066522
10 16866638059907
10 16866643325023
10 16866640137805
10 16866639960198
10 16866641815072
11 16866644751527
10 16866637036889
10 16866636495861
10 16866637506883
10 16866636642499
9 16866632942541
11 16866644842533
11 16866643864171
10 16866639933607
9 16866629926760
10 16866643078515
10 16866636398810
10 16866641533708
10 16866639896970
10 16866637841029
10 16866643497466
10 16866640829585
9 16866635231947
10 16866641039223
10 16866642667519
10 16866638785306
10 16866645281608
10 16866640614786
11 16866646721227
10 16866636115891
11 16866645446330
10 16866639445056
9 16866633666583
10 16866643654955
10 16866642082695
10 16866638932584
10 16866639396447
9 16866635694685
11 16866647163023
11 16866645742099
10 16866642483765
10 16866639280417
11 16866642991597
10 16866640670889
10 16866637348197
10 16866639911244
10 16866637731994
10 16866643660321
11 16866643074291
10 16866638602597
10 16866640292253
10 16866640217179
9 16866629677563
10 16866640982006
10 16866640298126
10 16866639590854
9 16866633016715
10 16866635936996
10 16866638615279
9 16866634775007
10 16866636987832
10 16866639110046
11 16866637572789
10 16866641929550
10 16866640572207
10 16866638259544
9 16866635863443
12 16866653816874
9 16866637268628
9 16866636930252
10 16866638068147
10 16866636578274
11 16866646711256
9 16866633056796
9 16866633926766
10 16866637534797
10 16866639912429
8 16866624494629
11 16866646905918
10 16866635670960
10 16866636259176
11 16866649792832
9 16866633762712
11 16866650691429
10 16866637498256
10 16866638983007
11 16866651889467
10 16866638083116
11 16866647981765
10 16866640440324
10 16866640424021
10 16866637111367
10 16866640048270
11 16866643353225
9 16866635468435
11 16866643004150
11 16866647176242
10 16866638108537
10 16866640366198
10 16866637803442
10 16866639883140
10 16866642732852
10 16866639870625
11 16866647688062
11 16866638454065
9 16866631346284
10 16866638291293
10 16866642197504
10 16866639326897
9 16866628630473
9 16866631281412
11 16866642782960
10 16866639652095
10 16866640155315
9 16866637054917
9 16866636080127
10 16866634035099
9 16866629038407
10 16866640313852
11 16866644459690
9 16866633205835
10 16866643078070
10 16866634937474
9 16866630262060
10 16866640901429
10 16866639459375
9 16866634880514
10 16866637056089
10 16866639644708
9 16866628151109
1 99999980000001
10 16866643734091
1 99999980000001
10 16866641073089
9 16866635213673
10 16866636709214
10 16866637634585
9 16866631230872
9 16866633966573
14 16866668538782
10 16866641394059
10 16866642684683
9 16866627718606
10 16866639926167
9 16866636555953
10 16866642526869
10 16866637855213
9 16866631960284
10 16866637915435
10 16866639816546
10 16866640948084
11 16866643654979
10 16866635439710
9 16866631036471
10 16866640794844
9 16866632157012
9 16866629814706
10 16866636142880
10 16866635760764
10 16866640968457
10 16866639241402
10 16866639471091
11 16866647245923
9 16866631424895
9 16866631622927
10 16866644233856
12 16866652194428
10 16866637360004
10 16866637476661
9 16866632808585
9 16866633393446
10 16866641581156
11 16866644269573
10 16866638332347
9 16866636248485
9 16866634142053
10 16866640239407
9 16866633091303
10 16866638099049
10 16866635624338
9 16866631990202
10 16866633782756
9 16866629892629
9 16866632563705
10 16866636190346
9 16866634865542
9 16866634545423
10 16866642061588
10 16866636806877
10 16866639290010
10 16866636472652
9 16866631752519
9 16866629607209
10 16866638763338
10 16866638048850
11 16866644422861
10 16866637562427
9 16866629430582
9 16866630650947
10 16866640354306
10 16866642891651
10 16866637205609
11 16866649302774
9 16866634207877
9 16866637295971
9 16866634288146
10 16866638388123
10 16866643540624
10 16866638587123
10 16866640643928
10 16866639840395
8 16866627272587
11 16866645730911
11 16866642516981
10 16866635046779
11 16866649603852
11 16866648754366
10 16866640949160
10 16866642394536
11 16866642393723
10 16866635499584
10 16866638800313
9 16866634562314
9 16866637350897
9 16866634400449
11 16866649519690
10 16866637977258
12 16866658391141
10 16866639310881
10 16866640035395
10 16866639202706
10 16866643046272
10 16866639548428
10 16866636697349
10 16866637319566
10 16866633685128
10 16866642143319
11 16866644227438
9 16866632949655
9 16866629005550
10 16866637030160
10 16866636832106
10 16866636444166
10 16866640083573
10 16866639953423
10 16866636962626
10 16866643465857
10 16866638120935
10 16866643277572
9 16866635062418
10 16866644038831
10 16866643729340
10 16866635215952
10 16866637486424
10 16866641588218
11 16866647235164
11 16866636670644
10 16866637251601
10 16866643279418
10 16866642274264
9 16866631170173
10 16866637916237
11 16866646154603
12 16866653821477
10 16866639636709
9 16866636156915
9 16866631439130
10 16866637524568
9 16866635268950
9 16866633666553
11 16866648902040
9 16866633108986
9 16866629200155
10 16866636424531
10 16866639541818
9 16866633150161
10 16866639263240
9 16866637583716
10 16866638618518
11 16866648311974
10 16866637067367
10 16866639276056
10 16866637904652
9 16866630197257
10 16866637759964
11 16866643482080
10 16866637537241
9 16866635011172
10 16866642039281
12 16866652926057
10 16866637298232
11 16866647667764
10 16866639485397
9 16866634920305
12 16866652656317
10 16866643964249
10 16866638766582
9 16866632709727
9 16866633319994
10 16866635740210
9 16866635507218
9 16866633993439
10 16866635653305
9 16866632432947
9 16866634784816
13 16866664824956
10 16866640852804
9 16866634436020
9 16866633377357
9 16866636066458
10 16866641276663
10 16866641263747
11 16866645629810
9 16866630032720
10 16866639277970
10 16866641873076
10 16866640186646
11 16866642410029
11 16866649196051
10 16866632655357
10 16866635672533
9 16866633973676
10 16866637875605
9 16866631680569
10 16866640671240
10 16866636831776
10 16866636887666
10 16866636828374
9 16866632226879
10 16866641849277
9 16866634701827
10 16866635410423
9 16866633085472
11 16866646156889
10 16866636390281
9 16866630136590
10 16866639132413
9 16866636071913
10 16866636483023
9 16866630109912
10 16866637077428
11 16866644037381
9 16866631829023
10 16866642417526
10 16866638555496
12 16866658746811
10 16866636924502
11 16866649594802
11 16866647997320
11 16866648111418
10 16866640330928
11 16866649839380
10 16866644253573
10 16866641062328
11 16866647412937
1 99999980000001
10 16866639855937
11 16866648944160
9 16866633089789
8 16866626528592
10 16866638653300
11 16866646677192
9 16866633419015
10 16866636777482
10 16866638984982
10 16866641278899
10 16866640415678
10 16866638877787
11 16866643929380
11 16866647100220
9 16866629625618
10 16866637464638
10 16866639965237
11 16866650092236
10 16866637383949
10 16866643219783
11 16866644653934
10 16866636805434
10 16866635585177
10 16866642075770
10 16866638549407
10 16866638964356
10 16866640495556
9 16866633097704
9 16866633049878
10 16866642947904
10 16866640306424
10 16866640953208
10 16866635393878
9 16866632025553
11 16866645588611
11 16866651299894
11 16866642354369
10 16866638663264
10 16866640830538
10 16866636514159
9 16866632876674
10 16866638929502
10 16866639983294
9 16866634155098
10 16866642988884
10 16866640479379
11 16866644158600
10 16866638793634
10 16866640063805
10 16866638193205
10 16866641079230
11 16866644144420
11 16866649644377
11 16866643996062
10 16866641545055
12 16866657621099
10 16866636047058
10 16866643780254
9 16866634652224
10 16866639605977
10 16866642476516
10 16866634441777
10 16866637607007
11 16866643024980
11 16866644790688
10 16866637462641
10 16866636985235
9 16866634625772
11 16866645672602
11 16866648618867
10 16866635718815
9 16866633524830
9 16866635229005
10 16866636860961
11 16866643113626
9 16866633132198
9 16866635638278
9 16866635308679
10 16866639165175
10 16866635658903
10 16866639290091
10 16866639299218
9 16866634075128
10 16866635252879
10 16866641612133
9 16866633513919
9 16866633072240
10 16866637560711
10 16866637303013
10 16866642859993
9 16866633275963
10 16866637686615
11 16866643410059
10 16866636480271
10 16866639318920
9 16866632909010
11 16866644889965
10 16866639903371
10 16866638149133
10 16866640683130
10 16866635281042
10 16866639548453
11 16866645424258
9 16866635768242
10 16866638877951
10 16866642491280
10 16866642319324
9 16866633987359
11 16866648481713
9 16866631430962
11 16866645986668
10 16866634978827
10 16866638342059
10 16866637517656
11 16866644038251
10 16866642544957
10 16866636093053
10 16866637455892
11 16866645660212
10 16866637089137
9 16866632912905
9 16866634585512
12 16866658829606
9 16866631331397
10 16866638052969
10 16866641819445
10 16866640255815
9 16866632677560
10 16866643669056
11 16866649135079
12 16866654554737
10 16866640686505
9 16866630101135
10 16866634633997
9 16866628022158
10 16866641658162
10 16866640151550
10 16866641177311
10 16866639825082
10 16866641858416
10 16866644177500
11 16866647116483
9 16866634078941
10 16866643358380
10 16866635140732
10 16866638092523
9 16866633501542
10 16866640148441
10 16866636929994
10 16866640589980
9 16866630625868
11 16866645096723
9 16866634073759
9 16866628074236
1 99999980000001
9 16866633610231
11 16866644099449
9 16866633818453
10 16866639092971
10 16866637713206
10 16866638188907
10 16866636829285
10 16866635556966
11 16866644756013
10 16866639371120
10 16866638899107
10 16866639451344
10 16866642671816
11 16866644350604
10 16866636955522
9 16866632541235
10 16866638878987
9 16866634107893
10 16866639848748
9 16866633428890
9 16866634389036
10 16866641364735
10 16866643988471
9 16866633613051
11 16866645878139
9 16866629989567
9 16866634247821
9 16866630395383
10 16866641788892
12 16866651914169
9 16866634018865
10 16866640548785
10 16866637411281
1 99999980000001
10 16866640456370
10 16866636068894
9 16866636286605
10 16866637422093
10 16866644101934
11 16866648025837
10 16866637374797
10 16866638973159
10 16866637691271
10 16866641574547
9 16866636265090
10 16866639464272
10 16866636916961
9 16866629385314
9 16866632874987
10 16866640400278
10 16866638081800
10 16866642512947
10 16866640221192
10 16866636836912
10 16866635615578
9 16866632728193
10 16866639232762
11 16866642338411
9 16866632752945
9 16866634654712
9 16866630490008
9 16866634161981
10 16866638377211
9 16866634161505
10 16866637114038
10 16866637899186
11 16866646565308
10 16866640522747
10 16866638019339
11 16866650930005
10 16866641544152
10 16866635754304
11 16866645613002
10 16866639529587
11 16866649312092
10 16866638109119
10 16866636485456
10 16866642825066
9 16866631005564
9 16866636602097
10 16866636912364
9 16866631199511
10 16866643092063
10 16866635650207
10 16866641953013
10 16866640746875
9 16866633659958
10 16866636684610
9 16866631331504
10 16866637006345
10 16866644975022
9 16866631641210
10 16866642338181
9 16866632917711
10 16866641765289
10 16866636059125
13 16866667333721
10 16866642638965
9 16866634051864
10 16866642274336
10 16866642651516
9 16866633859038
10 16866642402254
11 16866648998263
11 16866643653481
9 16866633093312
10 16866639142459
10 16866637794530
10 16866636723737
10 16866638429510
9 16866632816720
10 16866642299949
10 16866636846004
10 16866637611488
9 16866631798833
10 16866639088124
9 16866633511802
10 16866639238960
11 16866641540015
9 16866633957317
10 16866642564028
11 16866634292932
10 16866642533699
10 16866637773187
10 16866635609848
10 16866636766277
10 16866635067699
11 16866647148435
10 16866642687721
11 16866647249772
10 16866634211586
9 16866635744042
10 16866638857382
11 16866646455767
1 99999980000001
10 16866638289675
10 16866636325523
9 16866635179107
10 16866635747711
11 16866648872049
10 16866636984170
10 16866637882589
12 16866655297689
9 16866634556862
11 16866642833876
10 16866638358594
10 16866642335107
10 16866639404540
10 16866642525449
10 16866642119577
9 16866634085181
10 16866642180432
9 16866634449293
9 16866633779775
9 16866636110679
11 16866651045120
9 16866634389964
9 16866633465292
10 16866636304291
9 16866635134785
10 16866642505705
9 16866635471887
10 16866640723720
10 16866635636138
9 16866635360176
10 16866640849783
10 16866637600088
10 16866639498550
10 16866625588557
11 16866646752157
11 16866644489219
10 16866639604217
10 16866641976069
10 16866638264155
10 16866636222344
10 16866640225828
9 16866635296433
11 16866642833289
10 16866637607502
9 16866632881105
10 16866637175815
10 16866640127555
9 16866631413081
10 16866638030491
10 16866639201681
9 16866632841414
10 16866636125980
11 16866650902654
9 16866636539104
10 16866638517661
10 16866634798030
11 16866646306857
10 16866641532581
11 16866643697986
10 16866637257679
10 16866639251478
9 16866633395626
10 16866635980212
9 16866635678094
9 16866636998806
10 16866640133517
9 16866629342172
10 16866643269021
11 16866642650265
10 16866639131919
9 16866634587517
11 16866645683795
10 16866643258210
11 16866648405035
10 16866635822838
10 16866638455564
10 16866636527732
10 16866638938650
9 16866633446039
10 16866635943066
13 16866664935770
10 16866641903057
10 16866637056090
10 16866638143355
10 16866635193565
9 16866636524739
12 16866652607604
10 16866639020584
10 16866637961734
10 16866635441804
9 16866631590699
10 16866638037227
9 16866634818807
9 16866632050780
10 16866636266042
12 16866656916450
9 16866632984593
10 16866642067194
10 16866638579363
9 16866635796992
10 16866641663407
10 16866642463460
10 16866636720846
10 16866640605975
1 99999980000001
9 16866633831500
10 16866637365237
11 16866646566526
10 16866641666620
9 16866630720017
10 16866639406235
10 16866637543027
10 16866634803827
9 16866633437403
10 16866640483753
10 16866639966635
10 16866636855737
11 16866649667487
8 16866625649646
10 16866635410065
10 16866636009912
10 16866645626301
10 16866642999774
10 16866640799436
10 16866640471927
9 16866630565496
10 16866637115026
11 16866647531778
10 16866640812890
11 16866642800479
10 16866640267234
10 16866644635550
10 16866637899101
10 16866635836524
11 16866643877873
10 16866638437512
11 16866645888428
10 16866637163104
12 16866651975678
11 16866644472726
10 16866636004346
11 16866647002742
9 16866632380266
11 16866645210936
10 16866635593041
11 16866646757001
11 16866641112819
9 16866633866303
9 16866631286264
10 16866639762608
9 16866633705606
10 16866636892268
10 16866642508743
11 16866648723222
10 16866639953588
10 16866638094337
9 16866627770189
10 16866638682593
9 16866632537139
10 16866639238928
10 16866642333534
12 16866657656214
11 16866647504671
11 16866647563435
10 16866638789746
10 16866641971350
10 16866637984251
11 16866644076787
9 16866630681014
10 16866640114516
11 16866648562801
9 16866633595206
2 99999970000003
10 16866641606642
10 16866637117165
10 16866640183082
11 16866650375015
9 16866629374007
10 16866639935133
11 16866648847123
10 16866638728174
10 16866643046154
10 16866639675565
10 16866635444480
9 16866633996003
9 16866633903349
9 16866632208456
10 16866637311321
10 16866638030570
10 16866637755926
10 16866637739107
10 16866639561715
9 16866634647331
9 16866633424544
10 16866636641376
11 16866648652449
10 16866637562310
10 16866638066815
9 16866631068949
10 16866639473948
9 16866634030626
11 16866641500651
9 16866630777354
10 16866642058524
10 16866638189758
10 16866637320462
9 16866631121067
11 16866646510631
9 16866635913473
10 16866634086764
10 16866635360565
9 16866636358958
10 16866636928440
9 16866633382208
10 16866640290340
11 16866648123156
10 16866640611254
10 16866636299242
10 16866638021634
10 16866637635715
10 16866637747221
9 16866634623890
13 16866662715932
9 16866634433744
10 16866641386435
9 16866634478023
11 16866646970760
9 16866630339962
9 16866630452994
10 16866640267251
10 16866637766355
9 16866630154918
10 16866638184167
9 16866633877587
10 16866641308372
10 16866638644996
10 16866637662282
10 16866637246203
9 16866631341015
9 16866634085277
11 16866648142616
9 16866629793081
10 16866639682923
11 16866645601430
10 16866637726606
10 16866641616101
10 16866634357141
10 16866637292405
10 16866635061951
10 16866637723120
9 16866635597072
10 16866640199711
10 16866642295902
10 16866636623971
10 16866641966901
9 16866635398617
1 99999980000001
9 16866633953719
10 16866635790678
10 16866639196580
9 16866632930195
10 16866641010125
11 16866648270130
11 16866643982356
10 16866638591307
9 16866637095048
9 16866634937891
10 16866637913953
10 16866640278243
11 16866651108340
10 16866640831081
10 16866642133359
9 16866635504015
9 16866634294342
10 16866640171127
10 16866638290269
10 16866637815889
10 16866643958046
10 16866638326294
10 16866638804714
9 16866631716316
10 16866636143571
10 16866641464125
10 16866639824166
10 16866637094229
10 16866641854416
10 16866639960658
11 16866648327361
10 16866636211032
10 16866634890836
10 16866638740198
2 99999970000003
10 16866641019828
10 16866637114580
11 16866643844039
10 16866639793094
9 16866632766585
10 16866640668287
9 16866636225494
10 16866640843457
9 16866633330782
10 16866645374714
9 16866630791652
10 16866639564413
10 16866636241373
11 16866645022114
9 16866634862783
10 16866642542451
