14 3177935255801
14 3177937045444
13 3177937137360
13 3177936401211
14 3177938722448
15 3177936401525
13 3177936885879
13 3177936434373
14 3177935478586
14 3177937224959
14 3177940102354
14 3177938421743
13 3177936086599
14 3177935409881
12 3177936013662
14 3177939673108
13 3177936189633
14 3177935751213
15 3177937429238
13 3177936055218
14 3177934174062
13 3177934982579
14 3177938001939
13 3177934735320
13 3177936332742
14 3177939854903
12 3177927975384
14 3177932090574
14 3177936614259
13 3177937210300
13 3177936859667
13 3177937293049
13 3177937252452
13 3177937443450
14 3177937050573
13 3177935540074
14 3177936907912
13 3177937188310
15 3177936084730
13 3177933937808
13 3177935831712
14 3177937240359
14 3177938200476
12 3177935624427
13 3177935066494
12 3177935012694
14 3177938788522
14 3177939701022
13 3177935134816
13 3177935793616
14 3177937345327
16 3177943186014
13 3177936092659
13 3177937393362
14 3177937599439
13 3177937355707
13 3177935821030
13 3177936238749
14 3177934040641
13 3177936169943
13 3177936656348
13 3177937164794
13 3177936912972
13 3177935464221
13 3177936998203
14 3177938275614
14 3177937683682
12 3177935109662
13 3177935376994
13 3177936066677
14 3177938205251
13 3177935326000
15 3177936558249
14 3177938933469
14 3177937617122
13 3177937172661
14 3177936470344
15 3177937139050
14 3177935279197
14 3177937363262
13 3177936203515
14 3177935140848
13 3177936077400
15 3177937946618
13 3177936368171
13 3177935988163
12 3177935906536
14 3177937341945
14 3177937359721
13 3177936222350
13 3177935820829
14 3177937030184
12 3177934974765
13 3177936343975
12 3177934459397
12 3177935894906
13 3177935786294
15 3177937613241
13 3177935970403
13 3177936877086
13 3177936217393
2 12722814845931
13 3177937419662
13 3177937229939
14 3177938225458
14 3177938984475
14 3177936968101
13 3177936104397
13 3177934979838
13 3177936026728
14 3177938342752
13 3177935490440
14 3177937339325
14 3177938043067
14 3177937932489
13 3177936583720
14 3177936124429
13 3177936454322
13 3177937023689
13 3177938013916
14 3177938869676
15 3177942747045
13 3177936413005
13 3177935152019
14 3177938947645
13 3177935657209
13 3177935696063
12 3177935561206
14 3177937409823
14 3177936039592
13 3177938476095
14 3177937946052
12 3177934938451
14 3177937553107
15 3177936145849
13 3177935005128
13 3177935323722
13 3177936446280
14 3177938256393
14 3177937455315
12 3177936640687
13 3177935763204
13 3177936054392
13 3177936567979
13 3177935855357
13 3177936530000
15 3177937431236
13 3177935533705
13 3177935831733
13 3177937859885
13 3177935139225
14 3177937253182
14 3177935444435
13 3177936985093
12 3177934982649
13 3177936966062
14 3177934524324
14 3177934954866
15 3177940901449
13 3177935502682
13 3177936589482
13 3177935826513
12 3177935202234
14 3177936649993
14 3177938625909
14 3177938589953
14 3177934579259
15 3177923733006
14 3177935401557
14 3177933774985
13 3177936593501
14 3177937123336
13 3177936892323
14 3177934603323
13 3177936509122
13 3177934956004
13 3177935669017
13 3177937902008
14 3177935938345
13 3177935145831
13 3177935496500
13 3177937201954
1 12722818412836
13 3177933570288
14 3177939389812
14 3177939145373
13 3177936691911
14 3177938543643
13 3177935879627
13 3177935415038
13 3177937555597
13 3177935110451
13 3177935022081
13 3177937241817
13 3177935544619
12 3177936188430
13 3177937063018
14 3177938395241
15 3177940618933
12 3177935565751
13 3177937759845
14 3177937822216
13 3177935609553
13 3177936197452
12 3177935862782
13 3177935788565
13 3177936804152
13 3177937565265
14 3177936188583
13 3177935554135
12 3177934781579
13 3177936050404
13 3177936498010
15 3177940408754
14 3177937725532
13 3177937138410
13 3177933362010
13 3177937073529
13 3177936254471
14 3177938420430
14 3177937359566
12 3177935031743
13 3177936111264
14 3177938874043
13 3177935422902
15 3177936580987
13 3177935758067
13 3177934485390
14 3177937552053
13 3177933754532
14 3177934661183
13 3177935353664
14 3177935147116
13 3177937258347
13 3177935759639
14 3177937757406
14 3177934237901
14 3177937889509
13 3177935212731
14 3177935041724
13 3177937052945
13 3177935752817
13 3177935670860
14 3177938156390
15 3177941061279
14 3177938365539
14 3177934541100
13 3177935114196
13 3177935508326
13 3177934946699
12 3177936261130
14 3177934953212
13 3177937125755
14 3177937238935
12 3177935982897
13 3177936642194
14 3177935422491
12 3177935010092
14 3177938460289
13 3177935194032
14 3177933405807
15 3177936173659
13 3177937243463
13 3177935759035
13 3177936144089
14 3177937689825
15 3177936246819
13 3177935366853
14 3177937177212
14 3177935942197
14 3177934498148
14 3177937736117
13 3177938227937
14 3177933973896
13 3177937633003
13 3177936509799
14 3177937417250
12 3177936222235
14 3177937840329
14 3177935453900
14 3177934648462
14 3177938136570
14 3177934496603
13 3177936243466
13 3177934861232
13 3177935276324
14 3177935499457
14 3177937956344
14 3177937354099
13 3177936331971
13 3177936950988
14 3177936904281
13 3177936185434
13 3177935386840
14 3177938058822
15 3177937160475
14 3177937434001
13 3177935024666
13 3177935024469
13 3177935908646
13 3177935794451
14 3177938642762
12 3177935106596
13 3177935939713
13 3177936987417
14 3177938555841
13 3177935386775
13 3177935323687
12 3177935378940
13 3177933639424
14 3177938918862
13 3177936356240
13 3177935687302
15 3177940288268
14 3177938565485
13 3177936834635
13 3177936281578
13 3177935634974
13 3177936864776
14 3177933639384
13 3177935709851
14 3177939350590
14 3177937239365
14 3177937266126
13 3177935846226
13 3177937283969
14 3177937832492
14 3177937393160
12 3177935743603
14 3177937370814
13 3177936710720
14 3177937571376
14 3177937435237
14 3177937912118
14 3177933000496
14 3177939476752
14 3177934438844
13 3177934114777
14 3177938079608
14 3177938586078
14 3177940269865
13 3177935250909
13 3177936887365
13 3177936007013
14 3177934755160
13 3177936276721
13 3177936691263
13 3177935283549
13 3177935211424
13 3177933343046
14 3177934241279
13 3177936439941
13 3177935607583
13 3177936202331
13 3177936002599
14 3177937143008
13 3177936933402
14 3177937361404
13 3177936004194
13 3177936281175
13 3177936732411
12 3177935133660
14 3177938828520
13 3177936717376
14 3177934925713
14 3177937710420
13 3177935086491
13 3177935891927
13 3177936179955
13 3177936192741
14 3177938070393
14 3177938037379
14 3177934498010
14 3177938362987
13 3177936840677
13 3177936111137
14 3177937335856
14 3177938830520
14 3177936731573
14 3177935526838
15 3177940271330
13 3177934397024
14 3177937144869
13 3177936081394
12 3177935995482
14 3177935452270
14 3177934346930
14 3177936871593
12 3177934799146
13 3177936386207
13 3177936181758
13 3177935332033
14 3177938095375
13 3177936360997
14 3177938239498
13 3177936637079
13 3177934392525
13 3177935581766
13 3177936403127
13 3177935576582
15 3177941980737
13 3177936649807
14 3177938298141
15 3177940095564
13 3177935004776
14 3177938036473
13 3177935883334
13 3177935277468
14 3177938234094
14 3177937985179
13 3177937409256
14 3177937911775
14 3177938219450
15 3177939506749
14 3177935057284
15 3177940076864
14 3177937077713
13 3177935149633
14 3177935663736
14 3177937612789
13 3177936774789
13 3177937049666
14 3177936467278
12 3177935082436
14 3177934416548
14 3177934852107
14 3177934617069
13 3177934581062
13 3177937612545
13 3177935139080
13 3177935605981
13 3177936001424
13 3177937372162
13 3177935406116
13 3177937422406
13 3177935720929
13 3177936678443
13 3177936662219
14 3177934362398
13 3177936489512
13 3177936962874
13 3177934876290
13 3177933985925
13 3177936395552
14 3177937633399
13 3177935143522
13 3177933876498
13 3177935235178
14 3177935144874
13 3177936160567
13 3177935020983
14 3177937292819
13 3177933637812
14 3177938088786
14 3177938830288
13 3177937851735
13 3177934025918
14 3177937887492
15 3177939951032
14 3177937668846
14 3177937505081
14 3177934785879
13 3177935848301
12 3177936477362
13 3177936173479
14 3177935228357
14 3177936461512
13 3177936188352
13 3177936578835
14 3177934991383
13 3177935662799
14 3177939668153
14 3177934925391
13 3177937304154
13 3177935411137
13 3177936767419
13 3177937347282
13 3177937202355
13 3177936651813
12 3177934985928
13 3177936142172
14 3177934576522
15 3177937435622
13 3177935173729
14 3177934307097
13 3177936170906
14 3177938651764
14 3177935800111
13 3177937513944
14 3177938773543
13 3177937453559
13 3177936960582
13 3177936671499
14 3177937278421
14 3177939625415
13 3177937075172
13 3177935643359
14 3177938664822
13 3177936820285
14 3177938527246
14 3177934538155
13 3177934960510
14 3177936002208
13 3177936646404
13 3177936076889
13 3177936037257
13 3177936764717
13 3177935829093
13 3177936829861
15 3177940392000
14 3177937077549
14 3177937318906
14 3177937789425
14 3177933878028
14 3177937268070
14 3177939431559
14 3177938929571
14 3177939066609
14 3177934020683
14 3177935098892
13 3177933240039
13 3177935298528
14 3177935857010
13 3177935052098
12 3177934915157
12 3177934822840
14 3177937055214
15 3177936186528
14 3177937236051
14 3177935929250
13 3177936138144
14 3177938665048
12 3177936229734
14 3177937465428
13 3177935863979
14 3177937245540
14 3177937209032
14 3177935908461
13 3177935377940
14 3177934787840
13 3177936387304
13 3177935634818
14 3177934914700
13 3177935813564
13 3177935987918
14 3177934634236
13 3177936447202
14 3177938037252
13 3177935315817
14 3177939157263
13 3177936926214
14 3177939360298
12 3177935021421
13 3177936420852
14 3177937693788
13 3177935746079
13 3177936811645
14 3177937435811
15 3177940457919
14 3177937735700
13 3177937087579
14 3177935137907
14 3177939706388
13 3177935858687
13 3177935723242
13 3177935692133
15 3177938515788
13 3177936836602
13 3177935733906
13 3177937459711
12 3177935365537
14 3177938249076
13 3177936044046
13 3177936602729
13 3177936838649
13 3177935452846
13 3177934665124
13 3177936665823
12 3177935001990
13 3177937018668
13 3177934039105
13 3177937159097
13 3177936941832
14 3177937222272
14 3177938764642
15 3177939712987
13 3177933870387
13 3177937169117
14 3177934677624
14 3177938502062
13 3177935317614
14 3177938747420
14 3177934622706
14 3177936374077
13 3177935211513
14 3177936965211
15 3177937772178
14 3177938306250
13 3177937738364
14 3177937714347
13 3177936750180
13 3177933787366
14 3177935279698
14 3177938606342
13 3177935949129
13 3177937186662
14 3177936006010
13 3177936521724
13 3177935409593
14 3177938783139
13 3177936996322
13 3177935523839
14 3177933826814
14 3177937658969
14 3177935702342
13 3177935963132
13 3177935639165
13 3177935951972
13 3177937067403
14 3177939291700
15 3177939962270
14 3177938058643
13 3177937881206
14 3177939303755
14 3177939162835
14 3177938092255
14 3177933910769
13 3177937531438
12 3177934627829
14 3177935842967
13 3177935127463
13 3177937626403
13 3177937217398
13 3177937019926
13 3177935938462
13 3177936035874
14 3177936985367
14 3177933675465
13 3177936750501
14 3177937262108
13 3177934996760
13 3177936826259
13 3177936473746
14 3177939215728
14 3177937555468
13 3177937041716
14 3177937726798
13 3177935688211
14 3177938364221
14 3177938364225
13 3177936442138
14 3177934025652
14 3177937445070
14 3177935440969
14 3177937013462
13 3177935562036
13 3177936840572
13 3177935850546
14 3177936471535
14 3177937913840
13 3177936520857
12 3177934583016
13 3177936352043
14 3177937058349
13 3177936259406
13 3177935760828
14 3177934918970
1 12722814845930
14 3177937478380
14 3177938185299
13 3177935499979
13 3177936737792
14 3177938214830
13 3177935984704
14 3177937225348
13 3177936387139
14 3177934308408
14 3177937649152
13 3177936441942
14 3177937130288
14 3177937682011
14 3177938848484
13 3177936287732
15 3177936432534
14 3177934469205
14 3177939009105
15 3177936873313
14 3177937891418
13 3177937255176
14 3177934102277
14 3177937098772
14 3177936101164
14 3177938944195
14 3177937111315
12 3177934853992
12 3177934886783
13 3177936592818
13 3177935961153
14 3177934274792
13 3177934972192
13 3177936332341
13 3177936791884
13 3177936155715
13 3177937648522
13 3177935445435
14 3177937250005
13 3177937002730
13 3177936017163
14 3177936735908
13 3177935855528
13 3177936442248
14 3177937622869
14 3177937405533
13 3177936111436
13 3177934952504
14 3177938130610
14 3177937498728
13 3177936600614
1 12722818412836
14 3177934552637
13 3177934167039
13 3177937170334
13 3177935850720
14 3177938276583
13 3177935859188
13 3177935842350
13 3177935945618
15 3177937112623
14 3177936837317
14 3177934861608
14 3177937330264
12 3177935083581
14 3177937407914
13 3177936619114
14 3177936215562
14 3177935413454
13 3177935835080
13 3177935583056
14 3177937846331
13 3177936680905
13 3177936910666
15 3177937385043
13 3177936121551
14 3177938564939
12 3177934590005
14 3177937394718
13 3177936878102
13 3177936247522
14 3177934814183
14 3177938657374
14 3177937978421
14 3177939321739
13 3177937213103
13 3177936336929
14 3177937344763
12 3177934961235
14 3177937672059
15 3177939866824
13 3177939380422
13 3177936670434
14 3177938202406
13 3177936110792
14 3177939013120
13 3177935909497
14 3177936281124
13 3177935243979
14 3177938218457
14 3177933905201
13 3177936361267
14 3177934170116
13 3177935566763
14 3177935020016
13 3177936777455
13 3177936078597
15 3177936738599
14 3177937642788
13 3177935363153
12 3177935112634
14 3177936933749
13 3177935811387
14 3177936603855
14 3177937380556
13 3177935536303
13 3177936706522
13 3177936236654
13 3177936089757
13 3177933933115
13 3177936816511
14 3177936881539
13 3177935953516
14 3177937206038
13 3177935125914
13 3177936970558
14 3177938406702
13 3177934762264
15 3177936246033
12 3177934344538
13 3177935241581
14 3177938021669
13 3177934949162
13 3177937330896
12 3177934443797
14 3177937944954
14 3177937510756
14 3177936932350
14 3177936772541
13 3177936625893
14 3177937018433
14 3177937699387
14 3177937355724
12 3177935038357
13 3177935990467
13 3177937173461
14 3177939416196
13 3177937126955
13 3177937342874
14 3177934043972
14 3177937836348
13 3177937644253
13 3177936497750
14 3177936037765
13 3177937234368
13 3177936638313
14 3177935939768
13 3177936674111
14 3177937066020
13 3177937096721
14 3177937420621
14 3177938844524
14 3177934817850
13 3177933654479
13 3177935457600
14 3177936498647
14 3177938106031
13 3177935398620
14 3177934795161
13 3177936000320
13 3177936915784
13 3177935547205
14 3177935892969
12 3177936553752
13 3177936595017
14 3177935219730
13 3177935475291
13 3177936131312
14 3177938095648
13 3177936479015
14 3177936140313
14 3177936664349
13 3177936177308
13 3177938177721
14 3177938722977
14 3177934797298
14 3177934951845
14 3177938353520
13 3177937140008
14 3177933424543
14 3177938349583
14 3177933943720
14 3177934316703
13 3177935891965
13 3177937175761
12 3177934354946
14 3177937372848
15 3177937489922
13 3177936310588
13 3177934710152
13 3177935809890
14 3177937459148
13 3177936699673
13 3177937020046
13 3177938581373
14 3177933984997
15 3177940326318
13 3177936550782
14 3177936787784
13 3177936809959
14 3177938657330
14 3177938081548
13 3177936317317
13 3177937226622
13 3177936040924
14 3177939513800
13 3177936239286
12 3177936008631
14 3177937467899
14 3177934773531
14 3177937761614
13 3177935644369
14 3177937953988
14 3177934106905
14 3177937146531
13 3177935448260
13 3177936170453
13 3177935047012
13 3177933736589
13 3177935793708
13 3177936854192
14 3177936993657
14 3177935952037
13 3177936460704
13 3177935866401
14 3177939487087
13 3177934519881
13 3177935307803
14 3177935605015
13 3177935808644
14 3177937710235
13 3177937350689
14 3177936153769
13 3177936289220
14 3177938289333
13 3177935359865
13 3177935112518
13 3177936679612
13 3177936302426
14 3177938294052
13 3177937081569
14 3177934267454
14 3177938194431
13 3177936858144
13 3177936333436
13 3177935647919
13 3177935901377
13 3177936324880
14 3177937652822
13 3177935381252
14 3177937434782
13 3177934967936
14 3177939086205
13 3177937151559
12 3177934573897
13 3177936824479
13 3177936144034
13 3177935502046
14 3177937714319
14 3177936434783
13 3177935393289
13 3177935679586
13 3177936488893
14 3177937537455
13 3177935932357
13 3177935596203
13 3177936470746
13 3177935067537
14 3177938535065
13 3177937352938
13 3177935686819
14 3177934746919
14 3177933955887
13 3177937317286
13 3177937404557
14 3177938308789
13 3177936199345
13 3177935791070
13 3177936354388
13 3177937422093
13 3177937041590
14 3177934171177
13 3177937944284
14 3177940559407
13 3177935941585
13 3177935677109
13 3177936213897
14 3177937942592
14 3177937182924
14 3177934383211
12 3177935795877
13 3177935770236
14 3177937733143
12 3177934816018
13 3177936618201
14 3177937503535
13 3177936573616
14 3177937829702
13 3177934972051
14 3177934646077
13 3177935879374
14 3177936575616
14 3177938463155
15 3177936899847
14 3177937509632
14 3177937159701
14 3177938788055
13 3177936904454
14 3177938074632
14 3177938121408
13 3177936310168
13 3177935606299
13 3177937207056
14 3177937853286
14 3177935550067
13 3177936032664
14 3177934567046
15 3177936306531
13 3177937113095
15 3177939941650
13 3177937471434
15 3177937763141
13 3177934024447
