27 22070860
31 28768908
28 21573080
26 18156348
28 18782906
26 19254002
27 20031905
26 19333261
27 19934630
27 20420913
31 26193698
29 23790673
37 31210704
28 21004783
35 30015132
26 19550750
26 19292124
25 18816354
30 25166643
29 23639617
26 18962694
26 20210915
32 30120152
26 20038011
27 20468950
31 23709106
29 24740046
28 21104076
29 21460534
28 23162404
28 22807376
28 20490550
27 19450693
36 35519296
26 18030315
28 22313320
24 19241814
25 18507297
30 21642378
27 20397435
27 20151820
31 26007440
26 19125039
26 19890180
29 23191662
30 23932348
29 21600768
26 19395627
31 23394174
25 19268436
25 19750378
27 19963088
24 17777552
27 20943339
26 18402001
30 24839777
32 23622915
29 22179136
25 18259879
30 26472123
28 20687602
27 19591870
26 19830516
26 20997906
28 21945994
27 21954655
27 19202516
26 19334424
28 22984580
32 23984927
29 20876884
32 27177298
25 18902054
30 22533795
25 18708299
27 20633540
33 29256272
33 31158259
30 25268169
36 28894905
30 25169448
27 20305559
28 23547549
27 19697094
31 26232035
28 21136933
33 28886837
27 20531540
25 18735191
27 20353600
26 19861992
29 23117588
27 22803163
30 22252366
32 28041713
25 18567611
26 19730898
28 21832225
25 18937436
26 20589061
33 30186638
27 21405576
27 21034554
28 22753192
26 20395502
26 19559793
27 19569181
26 20973303
26 21192011
26 19088760
27 20344256
28 20542626
29 20561904
29 22879991
26 19416025
33 26328532
23 17905269
29 21257895
25 18690635
27 20304640
28 20395391
27 21393273
33 26016223
31 28346939
29 21741025
26 20506961
26 19429708
23 18619115
27 18934717
26 19521504
32 24200708
29 23965768
28 21583148
24 19506897
28 21855665
28 21175131
27 21160826
30 25357136
28 21278468
34 27057884
33 28824651
27 21565586
31 24093498
28 20240104
24 19518825
25 18943879
26 19886486
29 21660740
29 25050448
28 23790937
26 20683598
27 19986485
26 18467228
27 22744028
32 27020654
26 21429348
25 18803124
33 29521665
26 19211621
29 24472577
29 23527064
27 21532090
26 19670350
26 18967523
27 21798981
26 19781144
26 18777441
27 21777548
28 21488073
28 20990240
26 18881289
29 24445174
27 20637338
27 21443083
30 22402542
34 31395911
28 21476839
33 29346172
25 18204974
27 20019550
29 20796389
36 30239956
31 29181847
31 24729965
29 23459606
27 20707694
26 20699510
35 32111264
27 21990095
32 27678421
31 25273367
35 26994199
31 23269643
26 19754046
33 31447698
28 24685131
26 18627969
35 30418270
28 22621363
29 22989037
28 22908228
26 18381613
29 22895433
30 22320905
23 17583140
25 19429663
33 25988556
28 22151629
29 21885441
29 21477985
26 22731453
26 19119185
29 21696389
27 19482983
28 20901038
32 24335691
27 21119531
26 19140133
27 21511971
26 19338355
27 21168930
25 19842205
29 22237051
27 19535566
29 24589648
25 19157954
29 24341968
28 24018138
27 20596256
27 19862124
29 24058434
26 22613605
27 21473225
32 25327072
26 19467638
26 19598454
24 20318647
29 20653040
28 20993064
28 20438969
29 22102224
26 18309325
30 25605792
27 21016428
26 19618566
25 17434145
25 18968919
27 19710783
25 19116549
30 22893571
31 25828204
28 20653442
30 23011818
29 25305525
31 27310653
34 32461890
26 19728453
27 20496326
28 23215331
26 18306453
30 25880440
29 20799321
26 19438428
37 31362192
27 21006269
30 27060068
27 19587261
33 24297304
27 20960157
26 19091448
27 19694550
29 26326169
28 21472719
30 22294957
30 25001992
26 19282638
26 20839734
30 26310885
27 21989580
23 18020936
27 22154080
27 20587497
27 20598550
35 27772190
25 18946285
27 19520227
30 25249466
26 17880240
27 20709506
26 18710773
27 19394965
28 20448923
32 29814741
27 18775298
26 20650579
29 21016233
29 23460741
26 18794277
34 27559145
29 20302075
25 18354697
31 26169595
27 19768554
27 20221390
25 19016061
34 31145392
28 22251173
28 21290329
29 23782991
29 22725250
24 18624826
28 22725656
29 23204446
25 19764684
27 21780422
24 18525886
28 21012909
27 19954142
27 19694950
29 22696960
29 21371990
27 21208019
27 21438784
26 18854304
28 21829863
25 19015243
25 19648476
24 17979321
28 23798841
31 27461728
27 19404798
27 21716809
28 22808321
35 27686035
31 28936621
27 21999308
26 19303695
29 23808039
27 20079996
29 21975856
27 20256159
26 19580052
26 20177342
27 21193324
28 22784962
27 20019745
28 21548244
27 21340315
28 23145240
30 21620178
28 20354388
28 22387013
29 23246919
27 21248555
26 18282095
27 19275495
27 19907439
27 18799686
28 21278391
28 20362253
28 20916669
28 20976022
26 19544568
30 26535539
27 18836127
30 21536779
31 24255748
27 19979476
27 22960355
27 20917900
27 19905376
28 20517161
28 20929437
27 21558647
35 31356243
28 21767342
28 21216854
29 21055064
27 20216648
28 22396904
29 24479898
26 19288941
25 19878529
31 28400032
27 20807903
25 20044839
29 22558031
28 21464634
27 20483294
31 25080325
29 21674840
27 21357216
28 20853697
30 22636008
27 20356939
27 20217455
26 20081302
24 18476287
24 18401263
26 20008346
30 27352102
25 19052522
28 21922295
27 20673607
25 18634123
27 20461139
26 18260732
26 21521680
29 21342187
25 17820277
28 20596848
28 21754565
29 24488404
26 19685363
27 19818653
27 19905238
31 23374052
31 26268104
26 20484479
27 20999287
29 26271153
28 20032471
27 20169762
28 19422749
28 21911498
24 18115974
24 19027928
25 18200370
26 19092742
25 18612298
29 25452089
28 20064531
26 19507074
24 18499747
28 21521700
27 19185212
25 17676331
26 19336477
28 20112690
27 20798546
29 24455065
27 20984228
24 18383781
24 17939872
25 18651460
29 22313862
27 21374483
26 20402117
28 22624752
25 18793249
30 27290141
28 20919856
26 20927698
29 21267069
28 20914919
28 19918879
28 20781630
25 18692894
26 19719718
28 23087133
27 20441558
27 19239903
26 19910090
28 24086280
26 21115980
26 20034004
30 22109345
31 23503124
28 19938359
27 20368944
28 23118126
27 20565941
27 20499503
27 19371448
31 22924282
30 22394772
29 21072736
26 18689172
28 21111691
26 19115064
26 19776919
28 23156062
27 19579259
27 19423172
25 17760590
28 20459110
35 30409342
26 20265596
31 23706240
31 23667657
27 20077413
31 21826630
26 20380120
27 21333000
33 27175062
26 20161435
38 32122845
25 19740151
26 20471644
29 22286204
32 26286711
28 23459809
26 19215945
34 31018940
26 18957971
27 20712075
30 24646185
32 25833107
27 20945756
27 20688037
27 21948062
26 20434847
27 19512686
29 24946502
26 18733712
30 21714451
26 21465720
26 22336090
27 22048657
30 23522594
27 23614551
26 20151033
27 21461593
26 19832719
26 19138327
27 21762270
26 20753104
27 20916035
30 22981103
26 19159921
24 19520918
31 28668247
29 24348219
25 18764629
29 21684192
26 21051980
27 21599637
26 18401308
26 18500898
29 22206586
30 22208794
26 20222513
26 19502101
29 20345150
26 18211490
26 19527188
32 27248174
25 18615267
33 30091383
29 26140660
28 19577820
26 19036530
29 22675297
26 18374145
28 20325220
36 35336510
27 19382625
26 19558589
29 22893933
26 18812902
27 19638444
23 18031836
27 19314013
29 22757174
27 21516100
28 21817505
27 20105987
25 20630348
27 20577967
29 22350475
25 19407335
28 20571689
27 20032846
27 21687533
29 23193784
25 19375720
31 24634514
24 17404837
25 18296293
26 20218834
31 29238462
26 19626591
27 19438117
30 25011547
27 20346919
28 20147821
27 20283710
27 21936327
27 20318681
28 22961575
27 21391943
29 22619839
29 21738078
27 20108943
33 31200037
27 21802400
29 23345285
28 20648061
28 21844202
36 31324208
25 19120617
28 21434985
26 21338882
28 20774555
27 20988169
23 17895490
27 21651830
28 20954438
37 30725994
28 20884781
28 22135623
27 20789820
28 22406331
27 19967263
33 29020129
26 18835114
27 21185358
29 22249829
26 19635629
27 20094712
29 21380358
26 18367295
29 22237764
31 23418183
26 20516554
32 24013266
32 29051248
28 21342979
27 20219068
26 19694200
32 25530984
24 17240977
29 23845783
26 20603305
27 22542550
27 21757043
25 19184813
27 20817603
28 21711681
27 19296367
28 21548253
28 18859847
27 20369529
29 23037307
27 19622818
29 24254617
26 19179050
28 21630668
28 24475880
31 24251754
34 26673562
26 19952883
26 20212834
26 19000176
29 20403771
27 19972406
29 20875060
30 27737361
29 24338237
29 23145157
28 20900423
33 30057812
29 22567379
29 24442217
28 21451354
27 20004114
32 23636371
27 19154912
28 23255985
26 20543243
28 20893792
26 19097858
29 23697451
25 18832895
33 26884837
28 21354806
28 20764882
28 20620572
29 22117897
26 19163316
29 24123309
26 20000339
26 20581522
26 19462302
27 21219538
27 20101798
26 19163297
24 17854707
39 33842429
26 19475074
28 20118242
32 24513749
31 26359572
28 22564806
28 24885731
32 27003230
32 27491704
24 18317782
27 20467405
27 20476384
27 20039248
29 21294940
26 18822072
28 22037933
30 26120163
31 25472348
27 21410998
28 21937199
26 20528502
25 19130875
26 19800685
32 30042133
32 28091591
27 21566544
26 19669871
28 20828631
26 18129807
25 18065348
30 27054777
33 26350431
28 21649712
30 22305361
25 19317607
28 22320920
28 20392958
29 24056848
27 20947662
27 22055385
26 19797377
34 26474141
26 19420183
28 21834268
26 19587900
27 20848008
27 21041951
27 20419048
28 20429112
27 19423714
25 18359017
26 19998464
26 19837390
26 19692132
28 21218662
25 18045557
30 24324048
26 19064482
30 25261007
25 18965062
27 19117639
23 17563756
28 20659932
26 19538206
28 20201915
30 23834462
34 27243942
29 21148548
26 20008068
36 31001088
32 28911729
29 22327162
29 21416417
27 21198142
24 17782032
25 18726993
27 20819406
29 23019832
26 18637887
29 23103965
24 18796489
23 18849537
30 23731533
26 20862862
27 19289455
27 21496846
27 20697227
25 18503797
27 20755142
29 22487487
33 24845620
27 20186524
30 24592844
34 26596979
27 21482400
31 23886018
31 25568370
27 19366574
27 19880490
27 19653510
26 19126117
36 35314643
26 19014850
29 23308786
26 18557723
28 20640384
26 20928444
32 28093767
28 22054793
29 19461367
26 20901740
31 27893222
32 24912772
29 23483357
31 23301489
29 20893465
29 20790828
27 19922977
29 24639235
27 20673361
28 21574737
25 18664818
26 19818058
25 18752593
30 26367745
26 19908086
26 18433634
30 23154392
27 22137269
25 19560618
27 20335766
29 21383032
27 19811072
28 20127263
30 21727125
27 20660147
29 25074490
29 20217478
28 20825192
29 24414638
28 22378933
29 21241612
26 19354723
28 22940581
28 22709611
26 20037203
23 18745298
28 22402486
27 21727045
31 28038079
31 26537119
33 29429571
31 23960297
27 21283306
29 21158174
26 20899322
30 25468046
27 19620504
27 19566923
29 20724750
26 18503736
27 20332225
26 19648828
25 18498521
26 19573101
25 18325678
25 17941862
27 22278817
31 25355283
27 21435345
26 19775405
26 17480864
27 20348774
25 18113645
26 21222518
30 22726849
27 22775318
29 21802256
30 22555017
27 19292176
26 20152533
27 19977035
26 19404676
28 20121083
27 20187687
33 24656734
33 25614874
28 21694407
27 21914504
26 20390789
29 21943071
28 19294055
33 31046180
31 28020404
27 22738972
33 26205957
30 26093356
27 20376367
28 19688421
30 23454160
26 19693782
26 18807087
29 23655481
28 23161049
25 19200507
29 23690931
31 23956298
26 18419984
30 24822810
27 19918417
30 25306267
28 20896370
25 18284495
24 18154927
27 20261090
32 27794261
27 18691559
29 23380044
26 19322089
31 27662880
25 18135791
27 21725031
28 21935207
32 29736495
32 29705132
27 22729389
28 20228631
27 20543458
27 20109216
27 19578820
27 21039112
26 20207282
27 20528910
28 21143175
26 18418240
34 33028623
27 19883209
26 19853064
27 20261619
24 18463623
28 19884457
27 18822460
27 20517256
30 27794178
31 22841176
35 31944075
29 24330432
28 22422676
25 18080321
27 19619862
25 20720152
24 17121324
29 21871280
26 20824481
25 18821214
28 20766909
26 18819856
34 32470367
27 20304900
25 18288758
27 19861691
29 22816957
28 22006181
28 20906459
28 22447511
33 29320851
27 19415312
30 25672968
27 20158344
27 19558813
29 22116238
30 23803438
27 20097301
27 21530781
26 19388581
27 20155164
27 19776256
27 22497903
27 20491019
29 21519004
36 31072369
33 27227049
28 20424169
27 20292203
31 24045618
28 20378536
30 24643631
31 28724617
28 20435555
28 20790807
27 19312573
30 25772906
28 24866262
28 19567556
29 19777566
28 19529176
28 24909565
31 22576621
32 24296057
26 20096706
28 20512618
30 23721325
25 18563493
32 28089899
32 23974252
29 25345354
28 22705758
28 22124663
26 19477628
26 19770041
30 22046493
26 20710394
Time taken: 1786.000000
