38 89948472
40 96475071
37 100531256
32 75331343
35 82503255
33 73549243
36 86622781
36 79703360
37 84980577
33 82697720
36 88570176
34 71499688
31 73599931
34 73060275
41 93985122
35 80512292
38 90532719
38 103182763
35 78674703
34 78752337
36 79621014
36 80311766
36 81027866
40 102563320
32 70927749
35 90171183
32 79898694
38 99297356
35 81249373
31 71325038
34 80215989
42 104235533
40 88788373
36 81769671
34 81024439
43 115973393
32 76512019
33 80998662
34 83085999
36 77683674
33 74064955
35 80820423
32 72813816
34 82015823
30 72974154
34 84608897
40 103202867
32 81534594
33 80338154
32 75055674
34 70417112
35 83939241
30 72300016
32 73147565
39 94506949
42 112089175
43 114929136
34 74821231
36 84080596
41 115198657
39 93418443
36 85851623
37 91334369
38 89112103
31 76321727
32 76290724
32 72708207
36 84067874
45 131218703
32 71621418
36 94714528
43 133121244
33 76582360
32 75529963
37 93954666
36 83090369
30 72427093
33 81979828
43 107307074
35 75511287
45 117993781
35 77800995
34 78834837
33 78133332
40 94892832
35 81008409
43 110047435
39 128268947
33 73829201
45 115040467
34 76593483
31 73961397
36 82241953
35 92261487
34 79601227
32 73231584
41 96345125
38 100005844
35 79927236
33 77695494
37 88392097
36 81616319
39 110428634
37 94878811
31 78157141
38 86471861
32 85614138
34 86497416
35 75667932
39 87178501
37 88284889
40 90307929
37 82739479
34 83834980
36 101591344
33 73385257
33 78934940
38 85530049
33 77839496
33 76067468
36 83368896
31 69080891
40 106081022
43 107767640
36 84757642
35 79675181
33 84131516
34 80648337
35 83845447
34 79976701
33 86601051
30 71958105
42 127105348
33 82274541
33 72604301
35 84288974
33 71727192
36 85790976
41 108285950
42 117396709
41 113592456
37 96335268
35 78973374
42 101664552
32 76977675
40 99744803
31 72400646
35 84944829
37 92812001
34 80217870
30 69317423
36 91484431
32 73411508
44 108338898
32 73100507
42 111141750
36 89206606
34 81505077
41 104986501
36 87438283
45 116897039
40 103896477
40 95146267
35 82128426
33 78214455
33 80557199
35 79141993
34 79209247
38 102064802
39 96782318
37 84598425
36 84822225
31 73954596
33 80373265
42 119265447
44 140591460
40 96037377
35 81163340
33 81485446
38 92686770
36 82335921
45 133839539
35 79712364
43 107917144
40 95038871
33 77764531
32 74549521
34 76152419
37 108387837
34 77682732
38 115841746
40 112895853
48 129256747
37 94634840
37 88567527
34 75691800
39 91880210
37 87056309
33 81061355
32 75029438
38 86908040
38 93690143
45 121296484
34 89868267
36 80481015
35 88597177
37 104529258
34 79457669
35 80517540
35 91349702
36 85806787
40 109657307
30 75044999
38 87304604
34 83909930
31 77097055
38 90466978
39 92648631
36 86975805
31 76563696
34 78181935
35 79759830
35 75743172
32 70357958
31 69063594
35 78241822
32 76339344
36 98423735
40 93161764
43 105294923
45 116479516
44 107733968
32 78922539
37 89705993
34 89419257
36 80040957
36 98097647
33 81279010
48 132798847
34 77506268
35 83833857
36 79250680
31 72373107
33 77460159
35 80383268
32 79454017
34 88526133
40 101956398
31 69445725
33 71585554
44 116170126
33 77989920
41 96507097
34 81882380
37 111897767
38 92967988
37 97492340
38 89820559
35 78848811
30 70729548
40 98389345
34 84900225
31 73513729
34 76452932
37 88994139
34 77716506
36 85870878
32 74859466
35 75638712
40 115716206
36 81701371
33 77486235
34 80822100
38 91331045
31 71316178
41 97898264
39 104768151
41 97692788
37 79874873
33 84557260
31 76276041
35 91196802
38 96200027
37 102633730
33 77668714
33 75954364
36 76423661
39 96585363
37 87652060
34 81104662
34 82000978
42 106371129
44 117598978
31 75584593
35 79356431
35 86349781
39 97074566
38 95624625
35 87478215
34 87790490
33 76487380
37 84839133
33 82401793
33 75352249
36 81639046
36 83313697
42 104802931
33 75185042
36 78528117
33 78057592
32 82286279
37 97135275
37 87113529
33 73595808
32 70853585
36 83527731
35 77320489
30 71357919
39 98787775
38 89020867
40 101584260
42 118567088
34 81002308
35 86729306
33 78881204
40 93140456
33 81456418
35 87992961
43 116578964
35 88029711
38 99814955
34 82689871
37 88583749
36 88203237
44 107329933
40 95784274
37 92190568
38 92276615
36 84065613
33 79619749
43 115142047
37 87700479
36 85343915
34 85358522
36 92376431
38 98840100
37 86387700
39 102686249
43 114388891
45 116579344
35 78042788
32 75968770
35 94905128
35 79480021
36 92802434
34 72672541
35 85279581
32 70033835
36 91638580
40 109059435
33 76184411
41 93499582
31 77656190
33 74105536
39 104978158
40 91778191
37 97865070
33 78411214
38 94453801
33 73779824
40 91772181
35 84132492
34 73711152
41 97110591
33 76995695
38 96973518
40 103522967
34 80642401
38 86849057
34 75692927
40 116780615
39 109121474
41 93027642
36 86578069
34 74788253
33 73485813
36 87427577
38 95573016
38 92718505
42 96493290
38 89942370
33 81396371
34 82476356
40 95444725
39 87681579
38 93536473
34 78660295
41 89861337
38 101688715
33 79290343
31 69424475
36 78296922
36 82930809
33 79399289
41 97359695
39 92335170
36 83449417
37 104915950
41 107188433
40 95073510
37 101134688
35 89772932
39 100678822
34 76252638
39 94191440
31 79836743
30 71057380
34 81104124
39 98550008
41 111500633
44 108540620
39 85836615
40 92490923
40 105283797
37 86150536
31 70998827
37 84649427
31 75525881
31 73023869
34 78021619
40 112486471
36 85701871
32 75331815
37 86882873
38 96146817
31 72599021
38 85653108
34 83830541
36 84415410
42 100720596
33 79287076
34 85624933
34 76585943
37 90325812
35 87117636
39 95947856
46 130544025
31 71944171
34 82893183
37 84989641
35 78764496
39 99549381
38 85391471
32 76742665
34 76935452
40 100912713
32 82306281
38 95451774
39 104469324
35 75227647
32 74297591
42 104378904
41 96366329
35 83167552
37 84665008
32 76160153
34 80736231
32 74138289
37 86632896
34 83358307
34 73158524
37 89680285
34 84065877
47 136058569
42 100106009
30 74528667
40 103210822
37 85872676
31 74176080
41 100350273
33 72854554
34 74072141
33 81501599
35 76495459
35 85742871
34 87237948
36 77826426
40 106816735
35 76883947
33 83164583
36 77587286
42 109124414
36 90095893
43 116229678
38 108537344
35 87005352
41 135864802
36 90897584
36 87544927
34 78376364
37 87503918
32 78252366
39 107081364
35 79225506
36 90349930
39 103215276
37 90059024
29 69463367
40 105102413
38 84934532
38 98810219
37 94241244
33 77884751
33 73585508
42 100558093
33 75000377
43 120635649
33 70208480
36 90108142
45 112515918
35 80798766
32 71867407
41 97701911
36 89089451
32 83540929
35 78997330
38 85828980
39 103949685
41 96176486
37 85424213
31 72967615
34 79296583
37 83403970
38 96098262
39 99072827
47 127637157
35 86378885
33 74294793
34 83607397
35 82062449
32 73646831
31 77387960
36 82942430
34 78471027
35 80822171
40 94773035
32 70861481
36 85038886
49 139911112
34 75906582
37 88038080
37 95698847
44 118245042
32 71433234
41 102466259
51 145209087
51 147193333
32 72818424
38 84975413
32 74635231
36 82201558
36 82080096
32 74637934
36 86947575
31 71868442
36 91375396
40 91597975
37 87463713
34 83028672
37 86738995
36 81322551
45 122527539
44 121970421
32 73765944
30 72158632
40 109420439
37 78373821
30 75049600
35 91083334
35 77455471
39 91849681
38 88553718
34 83688390
38 87205071
32 79361144
36 82903014
40 98425162
46 112570974
34 73905143
33 79958664
39 100179531
32 76881431
34 76440898
36 90785631
48 146248323
32 72962449
35 75793694
33 76178267
37 83163919
34 85413378
39 98464943
41 96161612
34 81591720
46 119149253
30 71425201
34 73092903
34 72157081
34 83280737
35 77002238
37 90372948
49 135808439
34 79416754
37 91273521
39 93689014
34 76548154
38 86062160
41 122026917
35 92733407
33 76489728
41 98246646
37 87762835
38 93065491
35 78765925
37 89414892
37 101344684
31 72487066
48 125205648
34 79071074
34 87272841
30 67600764
32 77218667
31 70888581
42 109374789
34 76371484
39 97508832
32 75474094
40 99305613
34 88471088
36 83639573
35 77604272
38 121166869
35 79385924
38 98895508
33 79012526
39 99471730
38 95616124
40 92104369
32 75195659
43 120533300
31 71905208
43 116656212
37 90199176
37 84508030
34 71611730
32 75194340
34 76609524
38 89621334
33 76074068
40 102104509
37 88186834
36 77354187
37 87701386
34 75897078
36 86890060
33 77967629
38 91697294
34 82692597
33 71900223
31 78566010
31 80121793
32 74498920
37 93790915
33 77012496
34 79261010
33 77428592
40 95406313
46 118734892
38 87846158
33 70061029
35 83067824
37 87341247
36 86154561
40 87242011
40 103672463
43 115533587
38 88325600
34 81204505
35 86347998
32 71552309
43 106671089
34 80039534
34 77837605
38 94946135
33 79157823
36 82517919
40 95145523
34 74217543
36 83915250
36 82672137
40 96088299
36 81078652
31 69246534
31 74914102
34 70753281
37 85877615
32 73443412
38 83892693
34 80827011
36 81727124
31 74434462
35 83526864
41 91548860
37 85979490
33 82665256
40 99403664
34 77837054
30 73247460
37 77364991
36 84847664
34 74105346
30 70372465
42 109829729
34 72692514
34 81913849
35 81193140
35 86688522
33 84569219
40 98015448
33 75336544
39 85120287
36 95375722
34 82654381
35 77262067
39 96873803
41 107504660
38 88675530
35 82468129
34 90118093
31 74728835
34 77798275
46 118828803
35 88333658
32 76343538
34 73964428
40 118765467
31 77756343
41 122710902
36 85465692
43 104759802
31 71710878
31 75806735
33 77284423
40 91300825
47 121073447
40 90245956
31 76988538
35 81034830
33 75795214
45 111264277
35 77955058
39 93642150
39 88612583
42 96156392
40 91521443
35 77080249
40 95444915
36 85399670
32 75534774
35 77842639
30 77415424
42 108511079
41 97948992
36 87626466
38 81476302
38 89011716
37 89466577
38 100349379
34 83381921
33 73538712
36 90584168
34 81885800
34 75705819
37 83828112
36 85513518
40 109555635
45 133898771
37 93102539
34 77602690
43 106586099
36 79355375
38 107462505
40 104072223
44 112521347
38 91333425
38 89504226
36 88822058
33 84774876
39 91481258
31 77763431
33 78925717
36 85106968
35 86688101
41 97530949
32 77389366
33 78454120
35 76780414
43 108394276
35 78913077
37 84526101
38 86521262
35 89015106
33 73006565
36 86911871
34 80029362
32 77444284
33 77247448
34 86458295
42 116081981
36 77690064
36 88951322
37 78469337
38 89426536
37 95075861
32 75321304
31 70813477
30 68317692
37 84262206
38 95256406
36 81097053
37 86876552
43 101733912
32 73917517
36 81049334
32 71507312
39 103919415
33 81543741
34 75080337
33 73227429
38 93429592
39 85707212
43 124018990
35 80014029
52 145754901
36 88957213
44 129986193
36 89659346
32 77905173
32 69307362
31 76412529
33 76214100
32 72231890
37 105358108
46 125816008
39 88031044
32 72678671
37 93472822
33 74565544
32 77295344
35 72364801
37 87519087
32 71737415
39 90752575
34 81079158
37 83841930
36 79842733
39 86272697
40 94427493
45 130584571
37 84512198
43 126589100
36 94947671
31 77085375
33 76386437
32 78772688
32 73975664
32 73349339
36 85874810
38 96265498
36 82201635
47 124952219
37 91247110
46 128383630
33 80595586
39 93465460
45 122297281
31 70183600
38 92024801
34 81926951
33 75227516
35 87349311
36 82412618
32 74190449
37 87250416
38 89736485
44 106742936
34 75706205
35 73349042
40 90147049
32 82107478
34 82189844
37 89111647
38 96200867
33 83416874
45 123789110
35 73939997
36 84380349
40 92184611
34 74194531
31 75937347
39 121418729
34 76020680
37 85425614
37 82905690
44 119413479
34 74854598
40 100735888
33 79108484
37 84131793
35 88235089
32 74678044
31 76529915
37 81685743
36 95756245
41 137914381
34 78785402
37 93162435
31 78101994
33 84936948
31 66070200
35 84799638
37 95416405
38 89968048
41 97441895
40 99390865
42 110395824
30 71771270
36 85212636
32 77343672
35 88458709
36 79612577
34 80052518
31 72539848
35 77939241
36 81664653
37 88146683
37 96015001
34 91073819
37 96545411
33 82054435
36 79730282
36 88747310
34 81719954
38 82681458
34 83940589
38 89150263
37 85713175
37 90560315
33 71941308
37 88178976
37 83931581
37 80811761
43 112445675
34 81624989
37 99109310
38 87290397
39 114641158
43 107749582
41 121366193
46 130754285
33 69491420
36 81152991
34 74661183
36 79474857
39 84626308
39 102700395
41 116594206
41 108111075
31 75209711
30 72897392
31 73511904
31 75877296
35 91635302
37 81096113
34 84214245
33 82132438
39 90033188
37 93334672
38 93406426
41 94489913
35 77334459
32 74210120
35 83356790
37 91140187
33 72248245
39 92065761
34 70892488
33 71172517
31 76753294
41 104638871
32 81464917
Time taken: 1231.000000
