136 68627767518
124 68613464881
115 68581862356
125 68636262611
128 68615421716
138 68661201705
142 68641750559
128 68620077543
131 68622516678
134 68635292048
146 68634589672
126 68650955654
120 68599998787
113 68580040347
126 68622123043
113 68599680766
126 68647101682
128 68604916498
138 68625628768
125 68611972108
129 68608240563
128 68633433812
133 68653398657
90 68616450535
135 68646000901
137 68655177482
122 68591199050
127 68613217226
115 68584171260
123 68631773686
134 68655170312
118 68585140381
113 68578364721
120 68608073876
123 68614151832
137 68622708127
132 68620708200
118 68596305089
120 68697775435
130 68621969113
145 68645799975
133 68649982815
138 68637883197
131 68596140661
123 68615101953
118 68584995071
123 68595300233
134 68635739536
134 68611065125
117 68640953705
129 68605827655
133 68615267701
146 68629220413
138 68648771309
122 68608619945
131 68622307303
120 68614955111
131 68625910005
116 68594091287
130 68618455801
139 68647017911
125 68638545755
127 68625175620
117 68594562967
130 68631728507
129 68611891791
134 68635856372
132 68612943097
127 68616964661
129 68623127357
122 68622040120
95 68615957325
113 68619101173
111 68574882870
134 68657561598
131 68636309149
128 68621039569
130 68625642282
115 68598452449
120 68616728430
123 68632447522
131 68633899092
138 68658080164
126 68648658234
120 68603454896
126 68614527408
133 68619334919
114 68622692820
136 68644256817
113 68625691500
125 68607434251
143 68639545428
127 68617892452
131 68612132882
107 68584258158
125 68620870827
127 68627182092
121 68601707901
137 68624396234
130 68602446744
137 68621818449
124 68614790123
121 68604320012
128 68625803700
126 68620123344
137 68658413685
131 68603181672
141 68645666087
121 68620120346
134 68624599613
111 68596168409
133 68612198546
137 68654472150
129 68633128149
143 68644359358
116 68590837308
134 68643280848
129 68618811670
130 68628471625
124 68628931638
136 68623798020
122 68640116488
127 68622851503
122 68609580425
125 68620887735
108 68613928243
123 68621482411
135 68618049961
125 68636144036
132 68634172303
127 68615834256
128 68621178258
126 68617042820
115 68629623397
135 68643097021
130 68629342091
133 68625377719
124 68617364052
126 68627642396
117 68596533446
131 68613357137
134 68611530772
135 68618476283
123 68619010253
130 68630057135
120 68611963265
127 68627011508
138 68621443871
143 68645429518
121 68602621503
121 68601484004
99 68595177203
143 68629625760
132 68636856924
128 68625855379
134 68629951025
140 68646084347
127 68624909897
133 68646080934
126 68602786030
131 68639705183
141 68631432672
124 68581120730
144 68798983780
124 68610661130
131 68622630135
129 68629217283
117 68594674167
131 68640492664
131 68630535407
127 68609890733
142 68614131408
115 68588958529
129 68639601560
135 68642223391
108 68561397029
125 68619387341
122 68619183874
136 68654129867
123 68619951805
126 68602972541
135 68660726503
117 68589862359
120 68637879741
123 68617699190
116 68595847764
119 68623560331
134 68641505021
127 68616443342
137 68645212069
126 68614048996
122 68630069183
143 68620103104
135 68626949494
134 68594539509
108 68569234589
136 68634270436
142 68614655232
141 68636162927
122 68613221526
132 68623009162
126 68639365646
113 68588192190
133 68593194993
139 68623719968
127 68626441786
108 68562177670
128 68622421266
130 68625981476
133 68634294420
129 68626336311
140 68619967588
132 68615735372
127 68619388130
114 68615722277
126 68624866280
124 68609757179
129 68632617748
135 68614946822
128 68633947823
115 68587453218
123 68614503945
148 68647728272
126 68626131133
115 68626588540
117 68587321907
131 68617358635
118 68596073359
141 68620940797
124 68624014192
131 68600553940
135 68636749438
123 68614237540
122 68606957375
133 68658201348
127 68624463523
128 68606396761
125 68612402547
129 68621688062
129 68614144561
121 68600346669
131 68635086967
148 68642126447
130 68611371919
130 68617649418
130 68639731071
127 68622572849
134 68641344046
123 68618797174
125 68618563519
131 68633526292
123 68605444723
126 68627792150
131 68629127232
130 68624522840
138 68639875153
122 68626677840
133 68613710056
126 68611997135
136 68619534715
113 68589320174
127 68625245154
133 68659368466
138 68760026577
132 68613931162
141 68610716525
134 68600209667
125 68616664568
139 68653231829
122 68618202645
122 68637245549
138 68649287353
138 68628416099
134 68627426850
134 68603157306
125 68613786331
125 68613133272
137 68629916924
132 68614989315
127 68606060840
136 68651868102
121 68614542545
108 68601688572
121 68628426590
136 68623686196
124 68607859702
140 68656652621
124 68631861809
126 68621878211
107 68576843371
126 68649272394
129 68629521476
127 68606330252
134 68618040944
135 68625276875
129 68630002017
129 68651466576
117 68629049824
123 68612780552
138 68643791077
121 68636472242
124 68621556438
127 68623644002
115 68589227651
125 68626215350
130 68622218176
121 68601964514
124 68612510169
125 68613628898
130 68619383207
123 68621126342
116 68591661343
138 68643283270
135 68636944540
124 68614884944
117 68614647251
133 68644166029
127 68603610720
144 68648214994
135 68646759395
125 68644077314
106 68559852940
120 68599996451
118 68590254858
120 68601647147
132 68650204053
154 68833061718
130 68651667312
119 68599598279
133 68643486935
97 68592860570
125 68610275137
140 68638126777
137 68649777933
110 68615043297
135 68627484427
105 68610485168
124 68620971613
130 68619965959
122 68617168193
124 68621314393
130 68625958209
120 68606293918
121 68600828869
121 68611118902
126 68644799016
146 68629126834
133 68631288570
137 68621282825
133 68629092329
141 68634422135
118 68583493991
127 68618160623
133 68608119969
125 68621282755
124 68644388639
128 68625467444
125 68643273642
110 68573669377
124 68593432382
132 68629431702
136 68612976171
138 68623476029
120 68631249736
120 68607531278
131 68615325995
120 68599763505
140 68618976545
133 68639295140
127 68614073496
126 68622172973
122 68633933058
113 68585809713
136 68644827702
119 68624172711
126 68618173947
144 68629843819
120 68612451465
129 68627446947
133 68631555371
115 68595418656
133 68614952935
122 68644186837
121 68602308778
130 68624726809
134 68607280430
126 68625699138
121 68607058257
128 68645833719
130 68616593706
132 68631571064
124 68614038314
128 68618832375
127 68633480835
119 68598124291
135 68626941173
124 68627589861
126 68622634481
137 68637666025
142 68647493382
124 68615223219
129 68603485914
128 68648231814
122 68610308621
122 68605102942
132 68650390361
126 68600760911
126 68623615962
137 68635584351
140 68635989953
120 68597904099
137 68602659323
140 68617910354
121 68624021880
114 68590787458
130 68631658201
118 68631751723
127 68621622935
123 68618600902
123 68613887342
118 68598029926
129 68641055585
127 68642123661
130 68643025630
127 68629004562
130 68643635451
130 68620917888
135 68648831180
123 68617810887
135 68768314215
138 68637292979
122 68588119990
116 68626030435
101 68595691885
136 68590993756
135 68641872483
134 68638861582
124 68604121146
125 68645814320
139 68653113299
125 68622955501
131 68655262790
131 68632243500
124 68615671870
128 68626781727
130 68634856493
128 68617199187
132 68641377256
144 68614034262
123 68644223261
135 68598848572
130 68633658212
134 68601287528
131 68615317827
117 68603852404
132 68618223539
129 68637752290
122 68609211922
142 68626900259
132 68630020315
123 68608156120
139 68616531127
132 68611747190
131 68631768368
125 68642817993
120 68599722785
117 68601874899
129 68619141062
125 68638450520
111 68593389283
140 68620468576
128 68651149285
117 68596560542
109 68583471901
125 68618641830
123 68593587293
128 68648205197
126 68612721675
119 68594322356
136 68634119682
139 68637729658
125 68638438858
129 68651397552
138 68644707309
123 68624815999
117 68588341152
125 68619988018
129 68629636151
121 68631998969
126 68615354988
131 68617460324
132 68618509556
129 68593617880
112 68580153998
113 68581389608
110 68573296161
139 68632311648
120 68635607409
122 68614893525
142 68636279212
123 68614289865
142 68637655319
129 68648831561
133 68626051439
116 68632014991
122 68622952341
127 68622908854
123 68610629821
131 68581420595
132 68616159823
121 68613972119
124 68619850838
120 68605636663
131 68631555897
120 68620566916
127 68637012630
122 68610363020
131 68602659058
140 68638649087
122 68633980602
130 68620184382
129 68639780586
118 68592118974
123 68626051115
118 68618968394
108 68599828496
122 68635205644
121 68586117458
127 68624122692
122 68602165874
133 68638845959
137 68644589178
130 68642516444
139 68640643181
123 68612977316
114 68580666690
133 68617908452
123 68609964342
131 68635925981
121 68614628330
138 68646241861
129 68629547380
111 68617587864
139 68630780819
131 68640935543
121 68605937008
111 68611569254
125 68644972459
142 68630948081
125 68617536128
137 68617032357
134 68600714365
122 68643662745
115 68610540157
124 68615964487
123 68609366917
132 68600270462
145 68632514465
134 68595498269
131 68632687497
128 68624068832
135 68624426902
6 11756295703751
127 68632005647
134 68609045348
129 68632156048
127 68620524527
135 68628263725
124 68633052496
124 68634838275
132 68614236778
124 68610725344
119 68600165174
142 68623206438
117 68595276883
138 68610037053
131 68632174597
139 68615034331
139 68644446612
119 68589948513
143 68631240003
134 68640304170
114 68613922242
121 68611164511
129 68627768934
119 68598987154
124 68594242676
125 68601005933
120 68611086248
125 68631275603
122 68613454482
131 68610803204
137 68642364664
116 68589560408
95 68620048178
134 68594164557
130 68615937838
134 68643203085
135 68618469343
130 68590266229
133 68640288790
127 68610546640
131 68632440919
139 68645236695
119 68604795936
123 68601394394
122 68608788683
138 68617429004
117 68611753065
119 68593335262
128 68605232011
133 68625937212
150 68653471045
124 68616000493
137 68658433692
112 68575903379
126 68625451757
126 68622309440
135 68607371678
111 68612520702
128 68602600188
137 68621150065
114 68583201678
121 68603393694
118 68606876784
118 68589949906
104 68606413818
129 68630840591
121 68618731937
122 68610885678
135 68641091895
124 68641150922
127 68636637796
125 68627324593
129 68623385280
132 68620070549
123 68619350054
132 68650253466
123 68614885576
120 68605340746
137 68624849941
117 68598751578
128 68627707751
121 68640193648
128 68603133710
129 68630370545
127 68621518828
120 68607890385
133 68600494595
117 68622837162
138 68634815088
131 68597591367
142 68628558240
122 68610713544
134 68623150300
130 68631018114
132 68640122928
124 68615859139
117 68602262553
132 68640455415
149 68797507779
135 68644261809
141 68639843854
136 68622537518
119 68607791558
137 68640909887
115 68587687302
137 68642023069
127 68624916753
129 68612875388
120 68593446706
125 68611435118
120 68609700446
124 68616933732
123 68622589188
133 68610552573
129 68647636958
127 68601599544
131 68604799266
136 68624715166
130 68634620818
134 68640106831
126 68601678650
119 68602956367
121 68612166723
125 68639827506
136 68646966999
134 68612136323
130 68615697488
119 68595659977
127 68627327791
126 68639814539
135 68628717621
121 68610641042
132 68633406716
120 68639943953
140 68637398339
130 68611981325
121 68583655067
129 68629885039
142 68643034365
130 68602671417
134 68606078216
130 68618037965
133 68629277157
127 68605134811
125 68626098277
131 68609906411
138 68649125675
132 68619931183
113 68674885895
120 68616964294
122 68616992472
131 68636163658
133 68623955492
120 68607376415
132 68618336339
128 68649428102
133 68618344924
120 68624348026
124 68639528401
118 68605341185
122 68601728054
132 68638414584
108 68612258228
142 68649553047
4 11756295703730
126 68628711434
123 68599502663
133 68618975179
133 68649533358
127 68614214662
131 68593429526
120 68607483386
125 68615855483
120 68605406293
132 68626346545
124 68612281241
130 68629996697
130 68732776000
142 68628965671
133 68623298178
120 68598178432
115 68581191937
129 68628502314
122 68610012822
132 68628477129
145 68632372065
119 68609577627
125 68646838099
137 68632826345
127 68626413853
122 68608323787
130 68623788663
141 68631213455
123 68614480127
126 68618648538
122 68606889817
132 68621634696
102 68550877237
136 68632955246
134 68618814327
123 68644322450
127 68614958078
143 68646687211
122 68589024826
125 68631506405
135 68641093644
127 68643824944
121 68603091799
133 68614289724
137 68635443075
133 68645708520
141 68651130051
130 68631323368
115 68601814635
126 68641425462
130 68626114388
122 68616759292
142 68636822289
125 68621566874
119 68634892871
150 68799987549
132 68647074946
136 68646215345
112 68623838342
130 68630808035
134 68643882077
123 68614587761
128 68642862841
125 68631348275
115 68629744886
124 68600927730
127 68627854006
132 68618654774
134 68632421276
131 68629293513
127 68617077730
142 68651674743
124 68614674946
122 68619297165
131 68615577152
120 68598850392
127 68653517712
134 68579346075
134 68615662461
136 68640669815
126 68600325494
126 68634640986
130 68640561978
143 68624911044
129 68600602280
142 68600020954
117 68634621497
121 68606344461
117 68601966483
101 68597509972
114 68592552891
132 68628792732
133 68615640307
119 68609814328
132 68632651104
125 68629155715
133 68629450418
138 68649957984
134 68620185106
140 68655957233
123 68622298598
136 68645764096
132 68653875169
129 68633876074
132 68611888763
136 68634959213
127 68624445571
121 68625433874
128 68625403140
124 68619359660
117 68611021516
131 68632621049
133 68638928650
130 68611082600
134 68642575288
126 68587181140
123 68619609220
130 68635869177
127 68617569689
131 68612880366
118 68600700158
119 68591416227
120 68615147956
112 68601459623
118 68592576073
128 68633647690
5 11756295703733
123 68611967482
124 68616963461
125 68617930962
132 68658749107
130 68632140629
129 68627635472
138 68640297322
117 68590151474
126 68641101025
136 68642127528
115 68587769252
131 68652805407
121 68604485901
110 68615735825
124 68640228981
137 68604233650
131 68618608498
120 68620494590
118 68597807684
137 68609974647
134 68614428516
114 68577351178
128 68626111770
102 68601003589
124 68643673716
125 68627333517
139 68619707718
125 68625961515
128 68640734173
119 68617910594
118 68595052366
135 68615241648
127 68646417561
5 11756295703734
131 68638054001
122 68603041523
122 68598631859
134 68601282378
132 68661594588
133 68613036672
117 68596577836
133 68607463185
121 68604551771
124 68619386698
121 68614362782
128 68646413916
117 68609782285
135 68653019863
108 68585756821
128 68600493006
132 68640478927
117 68596657007
121 68620783883
134 68601452737
115 68638403656
117 68591977331
119 68587474669
145 68632099344
130 68621030785
132 68632534363
120 68615419963
130 68625277772
141 68655774544
121 68601738653
129 68636560658
134 68620581974
130 68642121280
128 68622583807
125 68615822909
117 68600432013
129 68629264484
120 68612569448
122 68635063624
131 68626167450
131 68619346624
120 68612144197
135 68609593252
116 68620918097
131 68636131740
120 68633230019
124 68614598418
112 68581447529
118 68592484470
127 68635991467
122 68608711461
122 68607162625
123 68627861987
123 68606424964
124 68613377144
132 68653358058
124 68615418786
132 68602819119
130 68626501316
138 68648670284
125 68616703623
135 68644775069
136 68622495965
119 68597496429
131 68639260483
123 68612814043
119 68600798709
127 68622934572
142 68640286271
122 68644383094
116 68590626766
137 68617623812
141 68634988180
121 68619754580
135 68614559566
123 68610551166
133 68643883649
125 68608523973
122 68602409533
122 68611942832
134 68645010289
136 68643203166
117 68591116371
104 68605718450
117 68594565983
143 68633136047
120 68595756714
130 68608330753
123 68616988479
127 68622617814
129 68639655186
134 68638143763
123 68612970661
137 68606091265
116 68583284915
125 68616560502
120 68603256590
128 68603709453
128 68627366430
122 68599816120
129 68631243534
123 68611469480
118 68596444751
135 68642352237
122 68610613824
120 68600319531
133 68615432486
131 68643945725
125 68623461996
133 68629676858
137 68608015878
123 68603941044
Time taken: 1835.000000
