7 4257891932582
1 4258003361049
1 4258003361049
9 4257246060438
1 4258001297556
1 4258001297556
1 4258001297556
1 4258001297556
1 4258001297556
1 4258001297556
6 4257953837269
5 4257900186511
2 4257997170571
1 4258001297556
1 4258003361049
1 4258001297556
1 4258001297556
1 4258001297556
1 4258003361049
2 4257997170572
1 4258001297556
1 4258001297556
5 4257924948403
1 4258001297556
4 4257988916605
3 4257986853109
8 4257943519835
1 4258001297556
4 4257927011855
6 4257900186512
3 4257984789619
6 4257891932583
6 4257891932572
1 4258001297556
1 4258001297556
5 4257883678579
1 4258001297556
3 4257986853112
7 4257776377104
6 4257823837378
1 4258001297556
5 4257978599155
1 4258001297556
1 4258001297556
1 4258001297556
3 4257990980097
1 4258001297556
1 4258001297556
4 4257986853115
4 4257984789622
4 4257986853111
1 4258001297556
1 4258001297556
1 4258001297556
6 4257751615206
6 4257922884903
13 4257724790090
1 4258001297556
1 4258001297556
2 4257999234064
1 4258001297556
1 4258001297556
2 4257986853108
6 4257968281706
6 4257939392822
13 4257539075982
3 4257962091208
1 4258001297556
6 4257898123002
7 4257710345381
7 4257834154882
4 4257927011849
1 4258001297556
8 4257910503990
1 4258001297556
6 4257947646798
2 4257999234064
1 4258003361049
1 4258003361049
7 4257902250045
7 4257799075489
7 4257815583436
8 4257869234113
2 4257999234064
6 4257852726193
4 4257976535656
5 4257945583294
8 4257786694569
1 4258001297556
1 4258001297556
1 4258001297556
2 4257999234064
9 4257813520010
8 4257774313702
1 4258003361049
1 4258001297556
1 4258001297556
6 4257891932529
1 4258001297556
8 4257889869134
5 4257873361079
1 4258001297556
3 4257993043588
8 4257716536005
8 4257914630980
1 4258001297556
6 4257931138873
1 4258001297556
5 4257974472170
1 4258001297556
1 4258001297556
11 4257518441374
1 4258001297556
4 4257974472166
1 4258001297556
1 4258003361049
1 4258001297556
1 4258001297556
6 4257846535766
8 4257815583493
1 4258001297556
1 4258001297556
7 4257918757940
5 4257955900753
1 4258003361049
4 4257993043592
5 4257935265831
5 4257976535661
8 4257830027974
7 4257817646890
4 4257978599147
5 4257949710279
6 4257939392836
1 4258001297556
7 4257945583320
1 4258001297556
7 4257902250012
1 4258001297556
1 4258001297556
4 4257980662647
13 4257194473909
1 4258001297556
3 4257986853111
1 4258001297556
1 4258001297556
1 4258001297556
7 4257885742143
1 4258001297556
1 4258001297556
1 4258001297556
8 4257631932781
1 4258001297556
5 4257891932529
1 4258001297556
5 4257955900735
9 4257755742275
1 4258001297556
9 4257893996075
5 4257955900747
4 4257972408677
5 4257745424634
7 4257873361138
4 4257990980100
1 4258001297556
1 4258001297556
1 4258001297556
1 4258001297556
5 4257972408682
1 4258001297556
7 4257896059566
1 4258001297556
6 4257896059518
4 4257968281686
4 4257968281694
3 4257990980099
3 4257997170573
9 4257776377234
3 4257980662636
1 4258001297556
1 4258001297556
1 4258001297556
2 4257997170572
4 4257966218200
6 4257960027734
1 4258001297556
8 4257766059715
7 4257842408817
1 4258003361049
3 4257995107080
1 4258003361049
3 4257993043588
1 4258003361049
1 4258001297556
7 4257753678660
6 4257953837282
1 4258003361049
1 4258001297556
1 4258003361049
6 4257972408682
6 4257943519819
1 4258003361049
6 4257873361112
8 4257547329768
3 4257982726129
1 4258001297556
1 4258001297556
7 4257770186583
1 4258003361049
6 4257974472176
5 4257902249993
4 4257974472165
5 4257920821393
6 4257955900757
1 4258001297556
8 4257904313507
2 4257997170572
7 4257920821409
1 4258001297556
2 4257999234064
1 4258001297556
6 4257955900759
1 4258001297556
1 4258001297556
1 4258001297556
8 4257799075562
1 4258001297556
1 4258003361049
7 4257706218391
7 4257805265995
1 4258001297556
9 4257751615304
6 4257920821415
6 4257960027730
1 4258003361049
1 4258001297556
7 4257858916724
1 4258001297556
9 4257503996478
5 4257927011874
7 4257877488125
5 4257976535662
1 4258001297556
1 4258003361049
8 4257697964506
1 4258001297556
1 4258001297556
1 4258001297556
2 4257993043588
6 4257920821421
1 4258001297556
1 4258003361049
1 4258001297556
8 4257722726470
1 4258001297556
4 4257976535658
6 4257908440480
1 4258001297556
6 4257879551595
1 4258001297556
1 4258001297556
3 4257995107083
1 4258001297556
1 4258001297556
7 4257788758049
1 4258001297556
4 4257976535658
1 4258001297556
6 4257918757910
1 4258001297556
7 4257361615552
1 4258001297556
3 4257988916606
1 4258001297556
6 4257949710287
5 4257962091225
1 4258001297556
8 4257623678964
8 4257673202604
1 4258001297556
9 4257503996478
5 4257929075361
1 4258001297556
3 4257988916604
3 4257997170573
8 4257896059577
1 4258001297556
13 4257660821870
8 4257819710478
1 4258001297556
8 4257953837281
1 4258001297556
1 4258001297556
1 4257997170570
1 4258001297556
1 4258001297556
1 4258001297556
9 4257784631159
1 4258001297556
5 4257945583294
1 4258001297556
8 4257819710451
1 4257999234063
1 4258001297556
10 4257363679578
8 4257743361311
7 4257813519925
6 4257920821421
1 4258001297556
7 4257776377094
2 4257999234064
5 4257951773765
5 4257951773765
1 4258001297556
7 4257887805567
1 4258001297556
7 4257854789759
10 4257326536578
1 4258001297556
1 4258001297556
1 4258001297556
1 4258001297556
8 4257625742445
8 4257918757943
1 4258001297556
7 4257935265870
1 4258001297556
6 4257885742082
6 4257893996038
2 4258001297557
7 4257929075402
1 4258003361049
1 4258001297556
7 4257896059551
7 4257957964263
12 4257712409113
5 4257972408692
1 4258001297556
5 4257945583293
1 4258001297556
1 4258001297556
6 4257889869077
1 4258001297556
3 4257995107083
1 4258001297556
8 4257621615469
1 4258001297556
1 4258001297556
8 4257908440494
1 4258003361049
8 4257726853446
1 4258001297556
10 4257695901133
5 4257980662646
1 4258001297556
6 4257953837255
1 4258001297556
1 4258001297556
1 4258001297556
1 4258001297556
8 4257902250061
8 4257865107243
1 4258001297556
8 4257660821633
4 4257986853118
1 4258001297556
3 4257980662638
3 4257988916603
1 4258001297556
1 4258003361049
1 4258001297556
1 4258001297556
2 4257997170571
6 4257935265866
4 4257955900745
6 4257927011887
7 4257700027978
13 4257757805925
8 4257889869071
1 4258001297556
1 4258001297556
5 4257947646781
10 4257636060060
1 4258001297556
4 4257970345179
1 4258001297556
5 4257929075367
1 4258001297556
1 4258001297556
1 4258001297556
9 4257714472524
8 4257797012070
5 4257929075364
1 4258001297556
7 4257803202451
1 4258001297556
1 4258001297556
1 4258001297556
1 4258001297556
1 4258001297556
6 4257908440478
2 4257999234064
1 4258001297556
1 4258001297556
1 4258001297556
1 4258001297556
6 4257943519819
7 4257832091387
3 4257972408667
1 4258001297556
1 4258001297556
8 4257697964506
1 4258001297556
5 4257962091221
1 4258001297556
9 4257675266321
1 4258001297556
6 4257887805583
4 4257976535657
7 4257770186663
1 4258001297556
6 4257957964262
3 4257993043589
5 4257976535664
2 4257995107079
1 4258001297556
1 4258001297556
1 4258001297556
7 4257904313509
7 4257825900892
3 4257962091212
1 4258003361049
1 4258001297556
1 4258001297556
1 4258001297556
5 4257949710277
1 4258001297556
1 4258001297556
1 4258001297556
6 4257964154706
1 4258001297556
3 4257976535654
1 4258001297556
1 4258001297556
8 4257652567804
7 4257910503992
1 4258001297556
4 4257927011855
6 4257939392847
5 4257920821396
1 4258001297556
2 4258001297557
1 4258001297556
7 4257881615122
1 4258001297556
7 4257487488498
5 4257902249995
5 4257976535662
10 4257487488908
1 4258001297556
10 4257497806176
2 4257993043587
6 4257941456312
1 4258001297556
2 4257993043586
3 4257995107080
6 4257931138887
7 4257898123046
7 4257885742134
8 4257877488219
1 4258001297556
5 4257955900751
1 4258001297556
1 4258001297556
8 4257250187389
2 4257988916599
3 4257988916605
6 4257803202518
8 4257611297883
1 4258001297556
1 4258001297556
1 4258001297556
8 4257803202557
5 4257974472168
1 4258001297556
1 4258001297556
1 4258001297556
3 4257993043590
1 4258001297556
11 4257733044143
4 4257984789626
1 4258001297556
5 4257943519795
8 4257943519835
10 4257537012459
8 4257792885019
3 4257970345177
4 4257970345179
1 4258001297556
1 4258001297556
1 4258001297556
4 4257984789618
8 4257879551634
1 4258001297556
1 4258003361049
1 4258001297556
1 4258001297556
1 4257997170570
5 4257964154707
5 4257927011871
1 4258001297556
8 4257757805693
1 4258001297556
7 4257914630962
7 4257941456328
1 4258001297556
4 4257972408674
8 4257648440919
2 4258001297557
1 4258001297556
5 4257908440455
3 4257986853115
7 4257906377055
6 4257898123011
1 4258001297556
6 4257945583294
1 4258003361049
5 4257980662639
1 4258001297556
8 4257896059582
1 4258001297556
1 4258001297556
3 4257993043588
5 4257968281692
1 4258001297556
11 4257821773997
9 4257697964653
3 4257986853109
7 4257941456352
1 4258001297556
1 4258001297556
1 4258001297556
1 4258001297556
1 4258001297556
1 4258001297556
1 4258001297556
1 4258001297556
1 4258003361049
9 4257815583433
4 4257966218198
7 4257955900777
5 4257935265846
2 4257997170572
5 4257970345184
9 4257770186751
1 4258001297556
4 4257982726134
5 4257957964237
1 4258001297556
1 4258001297556
1 4258001297556
1 4258001297556
7 4257951773797
1 4258001297556
5 4257912567428
6 4257920821401
1 4258001297556
5 4257943519802
2 4257999234064
8 4257751615225
8 4257633996409
8 4257712409049
7 4257687647034
7 4257778440584
4 4257968281688
4 4257974472165
5 4257955900747
1 4258003361049
5 4257918757898
8 4257718599464
6 4257893996064
1 4258003361049
1 4258001297556
1 4258001297556
3 4257990980100
1 4258001297556
4 4257943519801
1 4258001297556
7 4257844472229
1 4258001297556
1 4258001297556
5 4257976535655
6 4257856853221
3 4257970345173
1 4258001297556
5 4257968281697
1 4258001297556
1 4258001297556
7 4257900186552
7 4257819710414
2 4257997170572
8 4257803202539
7 4257922884909
9 4257782567688
1 4258001297556
1 4258001297556
1 4258001297556
1 4258001297556
7 4257929075422
7 4257722726375
1 4258001297556
4 4257968281688
13 4256994315162
1 4258001297556
4 4257982726128
2 4258001297557
1 4258001297556
8 4257881615187
1 4258001297556
1 4258001297556
1 4258001297556
14 4257722726654
1 4258001297556
9 4257813520075
1 4258003361049
6 4257960027739
4 4257974472167
7 4257867170724
9 4257832091330
5 4257891932536
7 4257865107159
2 4258001297557
1 4258001297556
1 4257999234063
1 4258001297556
7 4257875424599
1 4258001297556
4 4257922884877
8 4257605107558
1 4258001297556
8 4257766059715
1 4258003361049
6 4257935265859
1 4258001297556
1 4258001297556
7 4257966218224
7 4257605107453
1 4258001297556
6 4257904313500
4 4257974472160
7 4257677329582
1 4258003361049
7 4257863043685
1 4258001297556
1 4258001297556
5 4257957964244
1 4258001297556
8 4257749551757
5 4257966218207
1 4258003361049
1 4258001297556
5 4257844472236
7 4257755742146
1 4258001297556
1 4258001297556
1 4258001297556
1 4258001297556
8 4257924948395
9 4257497806161
1 4258001297556
6 4257891932556
2 4257999234064
7 4257945583321
7 4257935265884
6 4257962091238
7 4257929075391
1 4258001297556
6 4257823837381
7 4257799075512
1 4258001297556
5 4257962091221
6 4257803202518
1 4258001297556
1 4258001297556
1 4258001297556
8 4257627805950
1 4258001297556
1 4258001297556
1 4258001297556
1 4258003361049
7 4257916694456
2 4257993043587
3 4257976535654
8 4257902250049
6 4257906376990
3 4257997170573
2 4258001297557
3 4257995107081
1 4258001297556
1 4258001297556
1 4258001297556
1 4258001297556
6 4257879551621
5 4257955900757
8 4257887805611
4 4257986853119
2 4257999234064
5 4257918757903
4 4257974472156
1 4258001297556
1 4258001297556
1 4258001297556
1 4258003361049
5 4257951773772
7 4257951773792
6 4257879551616
1 4258001297556
8 4257906377051
1 4258001297556
1 4258001297556
7 4257809393046
1 4258001297556
7 4257867170715
1 4258001297556
5 4257955900751
5 4257966218204
7 4257827964333
1 4258001297556
7 4257685583524
1 4258001297556
5 4257972408683
8 4257735107289
7 4257753678724
9 4257821773923
8 4257867170707
3 4257984789625
7 4257774313608
1 4258001297556
6 4257867170653
1 4258001297556
1 4258001297556
1 4258001297556
7 4257856853261
1 4258001297556
8 4257889869069
1 4258003361049
5 4257949710281
1 4258003361049
1 4258001297556
1 4258001297556
7 4257898123039
5 4257910503941
3 4257964154699
4 4257990980097
5 4257941456308
7 4257821773905
1 4258001297556
1 4258001297556
10 4257768123321
3 4257976535651
8 4257714472542
5 4257974472158
1 4258001297556
7 4257860980152
1 4258001297556
6 4257945583310
1 4258003361049
7 4257865107161
1 4258003361049
5 4257976535659
7 4257881615113
2 4257999234064
1 4258001297556
1 4258001297556
7 4257869234184
1 4258001297556
1 4258001297556
5 4257840345252
1 4258001297556
8 4257881615164
1 4258001297556
1 4258001297556
3 4257993043589
1 4258001297556
3 4257995107080
1 4258001297556
8 4257751615276
1 4258001297556
1 4258001297556
1 4258001297556
4 4257990980098
8 4257654631398
7 4257834154809
9 4257786694607
3 4257960027719
8 4257914630980
1 4258003361049
1 4258003361049
8 4257761932679
1 4258001297556
4 4257970345181
13 4257532885558
6 4257924948400
7 4257966218224
6 4257875424627
1 4258001297556
7 4257914630976
4 4257976535658
1 4258001297556
7 4257914631012
1 4258001297556
1 4258001297556
1 4258001297556
12 4257788758157
11 4257479235256
1 4258001297556
4 4257976535652
8 4257838281863
2 4257982726124
6 4257877488087
7 4257871297682
6 4257697964455
1 4258001297556
8 4257518440867
6 4257933202368
3 4257982726124
7 4257883678608
1 4258001297556
5 4257976535660
1 4258001297556
1 4258001297556
10 4257541139627
8 4257927011918
7 4257788758108
1 4258001297556
7 4257815583444
1 4258001297556
7 4257786694601
2 4257995107079
5 4257982726140
2 4257997170572
4 4257986853115
5 4257939392828
1 4257997170570
1 4258001297556
3 4257982726127
1 4258001297556
1 4258001297556
6 4257929075385
5 4257896059516
1 4258001297556
1 4258001297556
1 4258001297556
4 4257955900752
10 4257365743072
1 4258001297556
1 4258001297556
5 4257974472179
1 4258001297556
5 4257968281694
3 4257986853108
7 4257790821577
1 4258001297556
8 4257718599314
6 4257964154724
4 4257984789623
1 4258001297556
6 4257939392811
6 4257916694417
1 4258001297556
1 4258001297556
1 4258001297556
2 4257990980093
4 4257957964242
7 4257951773784
6 4257970345195
8 4257794948657
1 4258001297556
4 4257945583273
6 4257797011996
1 4258001297556
2 4257993043587
3 4257986853112
10 4257390504830
1 4258001297556
4 4257976535658
7 4257949710298
1 4258001297556
1 4258001297556
1 4258001297556
1 4258001297556
1 4258003361049
4 4257984789628
1 4258001297556
10 4257493679389
5 4257960027740
5 4257939392821
6 4257904313490
4 4257964154706
1 4258001297556
1 4258001297556
1 4258001297556
7 4257957964260
1 4258001297556
1 4258003361049
5 4257889869024
8 4257512250465
1 4258001297556
5 4257949710287
1 4258001297556
6 4257873361113
1 4258001297556
4 4257980662649
3 4257990980095
7 4257902250052
7 4257854789749
9 4257669075738
1 4258001297556
1 4258001297556
1 4258001297556
1 4258001297556
1 4258001297556
5 4257906376978
7 4257815583527
6 4257920821406
1 4258001297556
1 4258001297556
1 4258001297556
4 4257976535656
2 4257999234064
1 4258001297556
1 4258003361049
1 4258003361049
5 4257875424575
1 4258003361049
1 4258003361049
8 4257741297853
1 4258001297556
4 4257976535650
7 4257817646888
1 4258001297556
9 4257673202791
9 4257848599245
1 4258001297556
2 4257993043586
1 4258001297556
6 4257943519813
7 4257603043959
1 4258001297556
4 4257970345184
2 4257993043587
5 4257943519795
7 4257939392838
7 4257960027742
2 4258001297557
7 4257906377004
2 4257995107081
1 4258001297556
1 4258001297556
1 4258001297556
3 4257995107082
1 4258001297556
1 4258001297556
6 4257937329346
1 4258001297556
1 4258001297556
4 4257970345185
6 4257927011882
1 4258003361049
6 4257611297757
6 4257850662693
1 4258001297556
1 4258001297556
8 4257902250035
1 4258001297556
1 4258001297556
5 4257906376955
1 4258001297556
6 4257852726177
7 4257854789756
9 4257863043754
1 4258003361049
1 4258001297556
8 4257797012018
8 4257503996444
1 4258003361049
3 4257976535652
5 4257978599160
1 4258001297556
1 4258001297556
5 4257957964249
1 4258001297556
8 4257883678698
7 4257788758077
7 4257867170704
6 4257964154712
1 4258001297556
8 4257667012222
5 4257957964242
6 4257966218206
6 4257931138888
Time taken: 41.000000
