14 3177938822703
14 3177940612346
13 3177940704262
13 3177939968113
14 3177942289349
15 3177939968426
13 3177940452781
13 3177940001275
14 3177939045487
14 3177940791861
14 3177943669255
14 3177941988645
13 3177939653501
14 3177938976782
12 3177939580564
14 3177943240009
13 3177939756535
14 3177939318114
15 3177940996138
13 3177939622120
14 3177937740964
13 3177938549482
14 3177941568841
13 3177938302223
13 3177939899645
14 3177943421804
12 3177931542286
14 3177935657475
14 3177940181161
13 3177940777202
13 3177940426569
13 3177940859951
13 3177940819354
13 3177941010352
14 3177940617475
13 3177939106977
14 3177940474814
13 3177940755212
15 3177939651631
13 3177937504710
13 3177939398615
14 3177940807261
14 3177941767378
12 3177939191329
13 3177938633397
12 3177938579596
14 3177942355423
14 3177943267923
13 3177938701719
13 3177939360519
14 3177940912229
16 3177946752914
13 3177939659561
13 3177940960264
14 3177941166341
13 3177940922609
13 3177939387932
13 3177939805651
14 3177937607543
13 3177939736845
13 3177940223250
13 3177940731696
13 3177940479874
13 3177939031124
13 3177940565105
14 3177941842516
14 3177941250584
12 3177938676564
13 3177938943895
13 3177939633580
14 3177941772152
13 3177938892903
15 3177940125150
14 3177942500370
14 3177941184024
13 3177940739563
14 3177940037247
15 3177940705951
14 3177938846098
14 3177940930164
13 3177939770418
14 3177938707749
13 3177939644302
15 3177941513518
13 3177939935073
13 3177939555066
12 3177939473438
14 3177940908847
14 3177940926623
13 3177939789252
13 3177939387731
14 3177940597086
12 3177938541667
13 3177939910877
12 3177938026300
12 3177939461809
13 3177939353196
15 3177941180141
13 3177939537305
13 3177940443988
13 3177939784295
2 12722814845931
13 3177940986564
13 3177940796841
14 3177941792359
14 3177942551376
14 3177940535004
13 3177939671300
13 3177938546741
13 3177939593631
14 3177941909654
13 3177939057342
14 3177940906227
14 3177941609969
14 3177941499391
13 3177940150622
14 3177939691330
13 3177940021224
13 3177940590591
13 3177941580818
14 3177942436578
15 3177946313945
13 3177939979908
13 3177938718922
14 3177942514547
13 3177939224112
13 3177939262965
12 3177939128108
14 3177940976725
14 3177939606493
13 3177942042996
14 3177941512954
12 3177938505353
14 3177941120009
15 3177939712750
13 3177938572031
13 3177938890625
13 3177940013182
14 3177941823295
14 3177941022217
12 3177940207589
13 3177939330107
13 3177939621295
13 3177940134881
13 3177939422259
13 3177940096902
15 3177940998137
13 3177939100608
13 3177939398636
13 3177941426787
13 3177938706128
14 3177940820084
14 3177939011336
13 3177940551995
12 3177938549551
13 3177940532964
14 3177938091226
14 3177938521768
15 3177944468350
13 3177939069585
13 3177940156384
13 3177939393415
12 3177938769137
14 3177940216896
14 3177942192810
14 3177942156854
14 3177938146161
15 3177927299907
14 3177938968458
14 3177937341888
13 3177940160403
14 3177940690238
13 3177940459225
14 3177938170224
13 3177940076024
13 3177938522907
13 3177939235919
13 3177941468910
14 3177939505247
13 3177938712734
13 3177939063403
13 3177940768856
1 12722818412836
13 3177937137190
14 3177942956713
14 3177942712275
13 3177940258813
14 3177942110545
13 3177939446529
13 3177938981941
13 3177941122498
13 3177938677354
13 3177938588984
13 3177940808719
13 3177939111521
12 3177939755332
13 3177940629920
14 3177941962143
15 3177944185834
12 3177939132654
13 3177941326747
14 3177941389118
13 3177939176455
13 3177939764355
12 3177939429685
13 3177939355468
13 3177940371054
13 3177941132167
14 3177939755484
13 3177939121037
12 3177938348483
13 3177939617306
13 3177940064913
15 3177943975655
14 3177941292434
13 3177940705313
13 3177936928912
13 3177940640431
13 3177939821374
14 3177941987332
14 3177940926468
12 3177938598645
13 3177939678166
14 3177942440944
13 3177938989805
15 3177940147888
13 3177939324970
13 3177938052293
14 3177941118955
13 3177937321434
14 3177938228085
13 3177938920567
14 3177938714018
13 3177940825249
13 3177939326541
14 3177941324308
14 3177937804803
14 3177941456411
13 3177938779634
14 3177938608625
13 3177940619847
13 3177939319719
13 3177939237763
14 3177941723292
15 3177944628180
14 3177941932441
14 3177938108002
13 3177938681099
13 3177939075229
13 3177938513602
12 3177939828032
14 3177938520114
13 3177940692657
14 3177940805837
12 3177939549799
13 3177940209097
14 3177938989393
12 3177938576994
14 3177942027190
13 3177938760935
14 3177936972709
15 3177939740560
13 3177940810365
13 3177939325938
13 3177939710991
14 3177941256727
15 3177939813720
13 3177938933756
14 3177940744114
14 3177939509098
14 3177938065050
14 3177941303019
13 3177941794838
14 3177937540798
13 3177941199905
13 3177940076701
14 3177940984152
12 3177939789138
14 3177941407231
14 3177939020802
14 3177938215364
14 3177941703472
14 3177938063505
13 3177939810368
13 3177938428135
13 3177938843227
14 3177939066358
14 3177941523246
14 3177940921001
13 3177939898874
13 3177940517891
14 3177940471183
13 3177939752336
13 3177938953743
14 3177941625724
15 3177940727376
14 3177941000903
13 3177938591568
13 3177938591372
13 3177939475549
13 3177939361353
14 3177942209664
12 3177938673498
13 3177939506615
13 3177940554320
14 3177942122742
13 3177938953677
13 3177938890590
12 3177938945843
13 3177937206326
14 3177942485763
13 3177939923143
13 3177939254205
15 3177943855169
14 3177942132387
13 3177940401537
13 3177939848480
13 3177939201877
13 3177940431678
14 3177937206286
13 3177939276753
14 3177942917491
14 3177940806267
14 3177940833028
13 3177939413129
13 3177940850871
14 3177941399394
14 3177940960062
12 3177939310506
14 3177940937716
13 3177940277622
14 3177941138278
14 3177941002139
14 3177941479020
14 3177936567398
14 3177943043653
14 3177938005746
13 3177937681678
14 3177941646510
14 3177942152979
14 3177943836765
13 3177938817812
13 3177940454267
13 3177939573916
14 3177938322061
13 3177939843624
13 3177940258165
13 3177938850452
13 3177938778327
13 3177936909948
14 3177937808181
13 3177940006843
13 3177939174485
13 3177939769233
13 3177939569501
14 3177940709910
13 3177940500304
14 3177940928306
13 3177939571096
13 3177939848077
13 3177940299313
12 3177938700563
14 3177942395421
13 3177940284278
14 3177938492615
14 3177941277322
13 3177938653394
13 3177939458830
13 3177939746858
13 3177939759643
14 3177941637295
14 3177941604281
14 3177938064912
14 3177941929888
13 3177940407580
13 3177939678040
14 3177940902758
14 3177942397421
14 3177940298474
14 3177939093739
15 3177943838231
13 3177937963926
14 3177940711771
13 3177939648297
12 3177939562384
14 3177939019172
14 3177937913831
14 3177940438493
12 3177938366049
13 3177939953109
13 3177939748660
13 3177938898936
14 3177941662277
13 3177939927899
14 3177941806400
13 3177940203981
13 3177937959427
13 3177939148669
13 3177939970029
13 3177939143484
15 3177945547637
13 3177940216709
14 3177941865043
15 3177943662465
13 3177938571679
14 3177941603375
13 3177939450237
13 3177938844370
14 3177941800996
14 3177941552081
13 3177940976157
14 3177941478677
14 3177941786352
15 3177943073650
14 3177938624185
15 3177943643765
14 3177940644615
13 3177938716536
14 3177939230637
14 3177941179691
13 3177940341691
13 3177940616568
14 3177940034180
12 3177938649339
14 3177937983450
14 3177938419008
14 3177938183971
13 3177938147964
13 3177941179447
13 3177938705983
13 3177939172884
13 3177939568327
13 3177940939064
13 3177938973020
13 3177940989307
13 3177939287832
13 3177940245345
13 3177940229121
14 3177937929300
13 3177940056414
13 3177940529777
13 3177938443193
13 3177937552826
13 3177939962455
14 3177941200301
13 3177938710425
13 3177937443400
13 3177938802081
14 3177938711776
13 3177939727470
13 3177938587886
14 3177940859721
13 3177937204714
14 3177941655688
14 3177942397189
13 3177941418638
13 3177937592819
14 3177941454394
15 3177943517933
14 3177941235748
14 3177941071984
14 3177938352780
13 3177939415204
12 3177940044264
13 3177939740381
14 3177938795259
14 3177940028415
13 3177939755255
13 3177940145737
14 3177938558286
13 3177939229702
14 3177943235054
14 3177938492292
13 3177940871056
13 3177938978040
13 3177940334321
13 3177940914184
13 3177940769257
13 3177940218715
12 3177938552831
13 3177939709074
14 3177938143424
15 3177941002522
13 3177938740632
14 3177937873999
13 3177939737809
14 3177942218665
14 3177939367012
13 3177941080846
14 3177942340445
13 3177941020462
13 3177940527484
13 3177940238401
14 3177940845323
14 3177943192316
13 3177940642074
13 3177939210262
14 3177942231723
13 3177940387187
14 3177942094148
14 3177938105057
13 3177938527413
14 3177939569109
13 3177940213306
13 3177939643791
13 3177939604160
13 3177940331619
13 3177939395995
13 3177940396763
15 3177943958901
14 3177940644451
14 3177940885808
14 3177941356327
14 3177937444930
14 3177940834972
14 3177942998460
14 3177942496472
14 3177942633511
14 3177937587585
14 3177938665794
13 3177936806941
13 3177938865430
14 3177939423911
13 3177938619000
12 3177938482059
12 3177938389743
14 3177940622117
15 3177939753429
14 3177940802953
14 3177939496151
13 3177939705047
14 3177942231949
12 3177939796636
14 3177941032330
13 3177939430881
14 3177940812442
14 3177940775933
14 3177939475363
13 3177938944843
14 3177938354742
13 3177939954206
13 3177939201721
14 3177938481602
13 3177939380466
13 3177939554820
14 3177938201138
13 3177940014104
14 3177941604153
13 3177938882720
14 3177942724164
13 3177940493116
14 3177942927199
12 3177938588323
13 3177939987754
14 3177941260690
13 3177939312982
13 3177940378547
14 3177941002713
15 3177944024820
14 3177941302601
13 3177940654481
14 3177938704808
14 3177943273289
13 3177939425589
13 3177939290145
13 3177939259035
15 3177942082688
13 3177940403504
13 3177939300808
13 3177941026613
12 3177938932440
14 3177941815978
13 3177939610949
13 3177940169631
13 3177940405551
13 3177939019749
13 3177938232026
13 3177940232725
12 3177938568893
13 3177940585570
13 3177937606008
13 3177940725999
13 3177940508734
14 3177940789174
14 3177942331544
15 3177943279888
13 3177937437289
13 3177940736019
14 3177938244525
14 3177942068963
13 3177938884517
14 3177942314322
14 3177938189607
14 3177939940978
13 3177938778416
14 3177940532113
15 3177941339079
14 3177941873152
13 3177941305266
14 3177941281249
13 3177940317082
13 3177937354268
14 3177938846599
14 3177942173243
13 3177939516031
13 3177940753564
14 3177939572911
13 3177940088626
13 3177938976496
14 3177942350041
13 3177940563224
13 3177939090742
14 3177937393716
14 3177941225871
14 3177939269243
13 3177939530034
13 3177939206067
13 3177939518874
13 3177940634305
14 3177942858601
15 3177943529171
14 3177941625545
13 3177941448108
14 3177942870656
14 3177942729736
14 3177941659158
14 3177937477671
13 3177941098340
12 3177938194732
14 3177939409868
13 3177938694366
13 3177941193305
13 3177940784300
13 3177940586828
13 3177939505364
13 3177939602777
14 3177940552269
14 3177937242367
13 3177940317403
14 3177940829010
13 3177938563663
13 3177940393161
13 3177940040649
14 3177942782630
14 3177941122370
13 3177940608618
14 3177941293700
13 3177939255113
14 3177941931123
14 3177941931127
13 3177940009040
14 3177937592554
14 3177941011972
14 3177939007870
14 3177940580364
13 3177939128938
13 3177940407474
13 3177939417448
14 3177940038437
14 3177941480742
13 3177940087760
12 3177938149919
13 3177939918946
14 3177940625251
13 3177939826309
13 3177939327731
14 3177938485871
1 12722814845930
14 3177941045282
14 3177941752201
13 3177939066882
13 3177940304694
14 3177941781731
13 3177939551606
14 3177940792250
13 3177939954041
14 3177937875310
14 3177941216054
13 3177940008844
14 3177940697191
14 3177941248914
14 3177942415385
13 3177939854635
15 3177939999435
14 3177938036107
14 3177942576006
15 3177940440214
14 3177941458320
13 3177940822078
14 3177937669180
14 3177940665675
14 3177939668066
14 3177942511097
14 3177940678217
12 3177938420894
12 3177938453686
13 3177940159720
13 3177939528056
14 3177937841694
13 3177938539095
13 3177939899243
13 3177940358786
13 3177939722617
13 3177941215424
13 3177939012337
14 3177940816907
13 3177940569632
13 3177939584065
14 3177940302810
13 3177939422430
13 3177940009151
14 3177941189771
14 3177940972435
13 3177939678338
13 3177938519407
14 3177941697511
14 3177941065630
13 3177940167516
1 12722818412836
14 3177938119538
13 3177937733940
13 3177940737236
13 3177939417622
14 3177941843485
13 3177939426090
13 3177939409253
13 3177939512521
15 3177940679524
14 3177940404220
14 3177938428510
14 3177940897166
12 3177938650483
14 3177940974816
13 3177940186017
14 3177939782463
14 3177938980355
13 3177939401983
13 3177939149958
14 3177941413233
13 3177940247808
13 3177940477568
15 3177940951944
13 3177939688454
14 3177942131840
12 3177938156908
14 3177940961620
13 3177940445004
13 3177939814424
14 3177938381084
14 3177942224275
14 3177941545322
14 3177942888640
13 3177940780005
13 3177939903831
14 3177940911665
12 3177938528138
14 3177941238961
15 3177943433725
13 3177942947323
13 3177940237337
14 3177941769307
13 3177939677694
14 3177942580021
13 3177939476399
14 3177939848025
13 3177938810882
14 3177941785359
14 3177937472103
13 3177939928170
14 3177937737018
13 3177939133666
14 3177938586918
13 3177940344357
13 3177939645499
15 3177940305500
14 3177941209690
13 3177938930056
12 3177938679536
14 3177940500651
13 3177939378290
14 3177940170758
14 3177940947458
13 3177939103206
13 3177940273425
13 3177939803556
13 3177939656659
13 3177937500017
13 3177940383413
14 3177940448441
13 3177939520419
14 3177940772940
13 3177938692817
13 3177940537460
14 3177941973604
13 3177938329165
15 3177939812934
12 3177937911441
13 3177938808484
14 3177941588571
13 3177938516065
13 3177940897798
12 3177938010700
14 3177941511856
14 3177941077658
14 3177940499252
14 3177940339443
13 3177940192796
14 3177940585335
14 3177941266289
14 3177940922626
12 3177938605259
13 3177939557369
13 3177940740363
14 3177942983097
13 3177940693857
13 3177940909776
14 3177937610874
14 3177941403250
13 3177941211154
13 3177940064652
14 3177939604667
13 3177940801270
13 3177940205216
14 3177939506669
13 3177940241013
14 3177940632922
13 3177940663623
14 3177940987523
14 3177942411425
14 3177938384751
13 3177937221381
13 3177939024503
14 3177940065548
14 3177941672932
13 3177938965523
14 3177938362063
13 3177939567222
13 3177940482686
13 3177939114108
14 3177939459870
12 3177940120654
13 3177940161919
14 3177938786632
13 3177939042194
13 3177939698215
14 3177941662550
13 3177940045918
14 3177939707214
14 3177940231252
13 3177939744210
13 3177941744622
14 3177942289878
14 3177938364200
14 3177938518747
14 3177941920422
13 3177940706910
14 3177936991446
14 3177941916485
14 3177937510622
14 3177937883605
13 3177939458867
13 3177940742663
12 3177937921849
14 3177940939750
15 3177941056823
13 3177939877490
13 3177938277055
13 3177939376793
14 3177941026050
13 3177940266575
13 3177940586948
13 3177942148275
14 3177937551899
15 3177943893219
13 3177940117684
14 3177940354686
13 3177940376861
14 3177942224232
14 3177941648449
13 3177939884219
13 3177940793524
13 3177939607827
14 3177943080701
13 3177939806188
12 3177939575533
14 3177941034801
14 3177938340432
14 3177941328516
13 3177939211272
14 3177941520890
14 3177937673807
14 3177940713433
13 3177939015163
13 3177939737355
13 3177938613915
13 3177937303491
13 3177939360611
13 3177940421094
14 3177940560559
14 3177939518938
13 3177940027606
13 3177939433303
14 3177943053988
13 3177938086784
13 3177938874706
14 3177939171916
13 3177939375546
14 3177941277137
13 3177940917592
14 3177939720670
13 3177939856122
14 3177941856234
13 3177938926768
13 3177938679421
13 3177940246515
13 3177939869328
14 3177941860953
13 3177940648472
14 3177937834356
14 3177941761333
13 3177940425046
13 3177939900338
13 3177939214821
13 3177939468279
13 3177939891782
14 3177941219724
13 3177938948155
14 3177941001684
13 3177938534839
14 3177942653106
13 3177940718461
12 3177938140800
13 3177940391381
13 3177939710936
13 3177939068948
14 3177941281221
14 3177940001685
13 3177938960192
13 3177939246488
13 3177940055795
14 3177941104357
13 3177939499259
13 3177939163105
13 3177940037648
13 3177938634440
14 3177942101967
13 3177940919840
13 3177939253722
14 3177938313820
14 3177937522789
13 3177940884188
13 3177940971459
14 3177941875690
13 3177939766247
13 3177939357972
13 3177939921290
13 3177940988995
13 3177940608492
14 3177937738079
13 3177941511186
14 3177944126308
13 3177939508488
13 3177939244012
13 3177939780799
14 3177941509494
14 3177940749827
14 3177937950113
12 3177939362780
13 3177939337139
14 3177941300045
12 3177938382921
13 3177940185103
14 3177941070437
13 3177940140518
14 3177941396603
13 3177938538954
14 3177938212979
13 3177939446276
14 3177940142518
14 3177942030056
15 3177940466748
14 3177941076534
14 3177940726603
14 3177942354956
13 3177940471356
14 3177941641533
14 3177941688309
13 3177939877070
13 3177939173201
13 3177940773958
14 3177941420188
14 3177939116968
13 3177939599566
14 3177938133947
15 3177939873432
13 3177940679997
15 3177943508551
13 3177941038336
15 3177941330042
13 3177937591348
Time taken: 709.000000
